0 -70 7e-05 3.8279e-06
0.025 -70.0001 7e-05 3.82789e-06
0.05 -70.0001 7e-05 3.82788e-06
0.075 -70.0001 7e-05 3.82787e-06
0.1 -70.0002 7e-05 3.82786e-06
0.125 -70.0002 7e-05 3.82785e-06
0.15 -70.0002 7e-05 3.82784e-06
0.175 -70.0002 7e-05 3.82784e-06
0.2 -70.0002 7e-05 3.82783e-06
0.225 -70.0003 7e-05 3.82783e-06
0.25 -70.0003 7e-05 3.82782e-06
0.275 -70.0003 7e-05 3.82781e-06
0.3 -70.0003 7e-05 3.82781e-06
0.325 -70.0003 7e-05 3.8278e-06
0.35 -70.0003 7e-05 3.8278e-06
0.375 -70.0004 7e-05 3.82779e-06
0.4 -70.0004 7e-05 3.82779e-06
0.425 -70.0004 7e-05 3.82778e-06
0.45 -70.0004 7e-05 3.82778e-06
0.475 -70.0004 7e-05 3.82777e-06
0.5 -70.0004 7e-05 3.82777e-06
0.525 -70.0004 7e-05 3.82776e-06
0.55 -70.0004 7e-05 3.82776e-06
0.575 -70.0005 7e-05 3.82775e-06
0.6 -70.0005 7e-05 3.82775e-06
0.625 -70.0005 7e-05 3.82774e-06
0.65 -70.0005 7e-05 3.82774e-06
0.675 -70.0005 7e-05 3.82774e-06
0.7 -70.0005 7e-05 3.82773e-06
0.725 -70.0005 7e-05 3.82773e-06
0.75 -70.0005 7e-05 3.82772e-06
0.775 -70.0005 7e-05 3.82772e-06
0.8 -70.0005 7e-05 3.82771e-06
0.825 -70.0005 7e-05 3.82771e-06
0.85 -70.0006 7e-05 3.8277e-06
0.875 -70.0006 7e-05 3.8277e-06
0.9 -70.0006 7e-05 3.8277e-06
0.925 -70.0006 7e-05 3.82769e-06
0.95 -70.0006 7e-05 3.82769e-06
0.975 -70.0006 7e-05 3.82768e-06
1 -70.0006 7e-05 3.82768e-06
1.025 -70.0006 7e-05 3.82768e-06
1.05 -70.0006 7e-05 3.82767e-06
1.075 -70.0006 7e-05 3.82767e-06
1.1 -70.0006 7e-05 3.82766e-06
1.125 -70.0006 7e-05 3.82766e-06
1.15 -70.0006 7e-05 3.82766e-06
1.175 -70.0007 7e-05 3.82765e-06
1.2 -70.0007 7e-05 3.82765e-06
1.225 -70.0007 7e-05 3.82765e-06
1.25 -70.0007 7e-05 3.82764e-06
1.275 -70.0007 7e-05 3.82764e-06
1.3 -70.0007 7e-05 3.82763e-06
1.325 -70.0007 7e-05 3.82763e-06
1.35 -70.0007 7e-05 3.82763e-06
1.375 -70.0007 7e-05 3.82762e-06
1.4 -70.0007 7e-05 3.82762e-06
1.425 -70.0007 7e-05 3.82762e-06
1.45 -70.0007 7e-05 3.82761e-06
1.475 -70.0007 7e-05 3.82761e-06
1.5 -70.0007 7e-05 3.82761e-06
1.525 -70.0007 7e-05 3.8276e-06
1.55 -70.0008 7e-05 3.8276e-06
1.575 -70.0008 7e-05 3.8276e-06
1.6 -70.0008 7e-05 3.82759e-06
1.625 -70.0008 7e-05 3.82759e-06
1.65 -70.0008 7e-05 3.82759e-06
1.675 -70.0008 7e-05 3.82758e-06
1.7 -70.0008 7e-05 3.82758e-06
1.725 -70.0008 7e-05 3.82758e-06
1.75 -70.0008 7e-05 3.82757e-06
1.775 -70.0008 7e-05 3.82757e-06
1.8 -70.0008 7e-05 3.82757e-06
1.825 -70.0008 7e-05 3.82756e-06
1.85 -70.0008 7e-05 3.82756e-06
1.875 -70.0008 7e-05 3.82756e-06
1.9 -70.0008 7e-05 3.82755e-06
1.925 -70.0008 7e-05 3.82755e-06
1.95 -70.0008 7e-05 3.82755e-06
1.975 -70.0008 7e-05 3.82754e-06
2 -70.0009 7e-05 3.82754e-06
2.025 -70.0009 7e-05 3.82754e-06
2.05 -70.0009 7e-05 3.82754e-06
2.075 -70.0009 7e-05 3.82753e-06
2.1 -70.0009 7e-05 3.82753e-06
2.125 -70.0009 7e-05 3.82753e-06
2.15 -70.0009 7e-05 3.82752e-06
2.175 -70.0009 7e-05 3.82752e-06
2.2 -70.0009 7e-05 3.82752e-06
2.225 -70.0009 7e-05 3.82752e-06
2.25 -70.0009 7e-05 3.82751e-06
2.275 -70.0009 7e-05 3.82751e-06
2.3 -70.0009 7e-05 3.82751e-06
2.325 -70.0009 7e-05 3.8275e-06
2.35 -70.0009 7e-05 3.8275e-06
2.375 -70.0009 7e-05 3.8275e-06
2.4 -70.0009 7e-05 3.8275e-06
2.425 -70.0009 7e-05 3.82749e-06
2.45 -70.0009 7e-05 3.82749e-06
2.475 -70.0009 7e-05 3.82749e-06
2.5 -70.0009 7e-05 3.82749e-06
2.525 -70.001 7e-05 3.82748e-06
2.55 -70.001 7e-05 3.82748e-06
2.575 -70.001 7e-05 3.82748e-06
2.6 -70.001 7e-05 3.82747e-06
2.625 -70.001 7e-05 3.82747e-06
2.65 -70.001 7e-05 3.82747e-06
2.675 -70.001 7e-05 3.82747e-06
2.7 -70.001 7e-05 3.82746e-06
2.725 -70.001 7e-05 3.82746e-06
2.75 -70.001 7e-05 3.82746e-06
2.775 -70.001 7e-05 3.82746e-06
2.8 -70.001 7e-05 3.82745e-06
2.825 -70.001 7e-05 3.82745e-06
2.85 -70.001 7e-05 3.82745e-06
2.875 -70.001 7e-05 3.82745e-06
2.9 -70.001 7e-05 3.82744e-06
2.925 -70.001 7e-05 3.82744e-06
2.95 -70.001 7e-05 3.82744e-06
2.975 -70.001 7e-05 3.82744e-06
3 -70.001 7e-05 3.82743e-06
3.025 -70.001 7e-05 3.82743e-06
3.05 -70.001 7e-05 3.82743e-06
3.075 -70.0011 7e-05 3.82743e-06
3.1 -70.0011 7e-05 3.82742e-06
3.125 -70.0011 7e-05 3.82742e-06
3.15 -70.0011 7e-05 3.82742e-06
3.175 -70.0011 7e-05 3.82742e-06
3.2 -70.0011 7e-05 3.82742e-06
3.225 -70.0011 7e-05 3.82741e-06
3.25 -70.0011 7e-05 3.82741e-06
3.275 -70.0011 7e-05 3.82741e-06
3.3 -70.0011 7e-05 3.82741e-06
3.325 -70.0011 7e-05 3.8274e-06
3.35 -70.0011 7e-05 3.8274e-06
3.375 -70.0011 7e-05 3.8274e-06
3.4 -70.0011 7e-05 3.8274e-06
3.425 -70.0011 7e-05 3.8274e-06
3.45 -70.0011 7e-05 3.82739e-06
3.475 -70.0011 7e-05 3.82739e-06
3.5 -70.0011 7e-05 3.82739e-06
3.525 -70.0011 7e-05 3.82739e-06
3.55 -70.0011 7e-05 3.82738e-06
3.575 -70.0011 7e-05 3.82738e-06
3.6 -70.0011 7e-05 3.82738e-06
3.625 -70.0011 7e-05 3.82738e-06
3.65 -70.0011 7e-05 3.82738e-06
3.675 -70.0011 7e-05 3.82737e-06
3.7 -70.0012 7e-05 3.82737e-06
3.725 -70.0012 7e-05 3.82737e-06
3.75 -70.0012 7e-05 3.82737e-06
3.775 -70.0012 7e-05 3.82736e-06
3.8 -70.0012 7e-05 3.82736e-06
3.825 -70.0012 7e-05 3.82736e-06
3.85 -70.0012 7e-05 3.82736e-06
3.875 -70.0012 7e-05 3.82736e-06
3.9 -70.0012 7e-05 3.82735e-06
3.925 -70.0012 7e-05 3.82735e-06
3.95 -70.0012 7e-05 3.82735e-06
3.975 -70.0012 7e-05 3.82735e-06
4 -70.0012 7e-05 3.82735e-06
4.025 -70.0012 7e-05 3.82734e-06
4.05 -70.0012 7e-05 3.82734e-06
4.075 -70.0012 7e-05 3.82734e-06
4.1 -70.0012 7e-05 3.82734e-06
4.125 -70.0012 7e-05 3.82734e-06
4.15 -70.0012 7e-05 3.82733e-06
4.175 -70.0012 7e-05 3.82733e-06
4.2 -70.0012 7e-05 3.82733e-06
4.225 -70.0012 7e-05 3.82733e-06
4.25 -70.0012 7e-05 3.82733e-06
4.275 -70.0012 7e-05 3.82732e-06
4.3 -70.0012 7e-05 3.82732e-06
4.325 -70.0012 7e-05 3.82732e-06
4.35 -70.0012 7e-05 3.82732e-06
4.375 -70.0013 7e-05 3.82732e-06
4.4 -70.0013 7e-05 3.82731e-06
4.425 -70.0013 7e-05 3.82731e-06
4.45 -70.0013 7e-05 3.82731e-06
4.475 -70.0013 7e-05 3.82731e-06
4.5 -70.0013 7e-05 3.82731e-06
4.525 -70.0013 7e-05 3.8273e-06
4.55 -70.0013 7e-05 3.8273e-06
4.575 -70.0013 7e-05 3.8273e-06
4.6 -70.0013 7e-05 3.8273e-06
4.625 -70.0013 7e-05 3.8273e-06
4.65 -70.0013 7e-05 3.82729e-06
4.675 -70.0013 7e-05 3.82729e-06
4.7 -70.0013 7e-05 3.82729e-06
4.725 -70.0013 7e-05 3.82729e-06
4.75 -70.0013 7e-05 3.82729e-06
4.775 -70.0013 7e-05 3.82729e-06
4.8 -70.0013 7e-05 3.82728e-06
4.825 -70.0013 7e-05 3.82728e-06
4.85 -70.0013 7e-05 3.82728e-06
4.875 -70.0013 7e-05 3.82728e-06
4.9 -70.0013 7e-05 3.82728e-06
4.925 -70.0013 7e-05 3.82727e-06
4.95 -70.0013 7e-05 3.82727e-06
4.975 -70.0013 7e-05 3.82727e-06
5 -70.0013 7e-05 3.82727e-06
5.025 -66.4321 7e-05 4.73803e-06
5.05 -63.7169 7e-05 5.46529e-06
5.075 -61.4318 7e-05 6.12466e-06
5.1 -59.4278 7e-05 6.76019e-06
5.125 -57.6282 7e-05 7.39655e-06
5.15 -55.9857 7e-05 8.05032e-06
5.175 -54.4681 7e-05 8.73394e-06
5.2 -53.0518 7e-05 9.45736e-06
5.225 -51.7187 7e-05 1.02291e-05
5.25 -50.4542 7e-05 1.10569e-05
5.275 -49.2454 7.00001e-05 1.19483e-05
5.3 -48.0808 7.00001e-05 1.29109e-05
5.325 -46.9486 7.00001e-05 1.39533e-05
5.35 -45.8362 7.00002e-05 1.50855e-05
5.375 -44.7297 7.00003e-05 1.632e-05
5.4 -43.6123 7.00004e-05 1.76728e-05
5.425 -42.4632 7.00006e-05 1.91658e-05
5.45 -41.2559 7.00009e-05 2.08289e-05
5.475 -39.955 7.00013e-05 2.27051e-05
5.5 -38.5114 7.00018e-05 2.48578e-05
5.525 -36.8546 7.00026e-05 2.73841e-05
5.55 -34.8779 7.00038e-05 3.04389e-05
5.575 -32.4148 7.00056e-05 3.42828e-05
5.6 -29.1951 7.00083e-05 3.93806e-05
5.625 -24.7773 7.00129e-05 4.66167e-05
5.65 -18.4832 7.00211e-05 5.77906e-05
5.675 -9.54739 7.00378e-05 7.67873e-05
5.7 1.96498 7.00788e-05 0.000108625
5.725 13.9968 7.0215e-05 0.000153458
5.75 23.8755 7.08837e-05 0.000213605
5.775 30.6014 7.49139e-05 0.000290309
5.8 34.7724 9.48108e-05 0.000386501
5.825 37.3579 0.000158427 0.000516352
5.85 39.0407 0.000292084 0.000722041
5.875 40.1858 0.000502829 0.00110708
5.9 40.9619 0.000781015 0.00190814
5.925 41.4366 0.00110875 0.00360928
5.95 41.6285 0.00146694 0.00702775
5.975 41.5326 0.00183946 0.0132133
6 41.135 0.00221479 0.0231132
6.025 38.1965 0.0025861 0.0365734
6.05 36.1216 0.00295052 0.0521597
6.075 34.2169 0.00333413 0.0704139
6.1 32.2679 0.0037232 0.091132
6.125 30.2007 0.00411473 0.113812
6.15 27.9965 0.00450915 0.13783
6.175 25.662 0.0049081 0.162544
6.2 23.2167 0.00531351 0.187354
6.225 20.6861 0.00572716 0.211735
6.25 18.0976 0.00615046 0.235256
6.275 15.4784 0.00658435 0.25758
6.3 12.8538 0.00702928 0.278463
6.325 10.2458 0.00748513 0.297741
6.35 7.67284 0.00795129 0.315319
6.375 5.14944 0.00842664 0.331153
6.4 2.68582 0.00890953 0.345241
6.425 0.288176 0.00939788 0.357607
6.45 -2.04125 0.00988911 0.368288
6.475 -4.30396 0.0103802 0.377325
6.5 -6.50496 0.0108677 0.384754
6.525 -8.65248 0.0113478 0.3906
6.55 -10.7577 0.011816 0.394868
6.575 -12.8345 0.0122678 0.397546
6.6 -14.899 0.0126979 0.398601
6.625 -16.9696 0.0131008 0.397977
6.65 -19.0662 0.0134706 0.395605
6.675 -21.2104 0.0138008 0.391399
6.7 -23.424 0.014085 0.385273
6.725 -25.7283 0.014316 0.377147
6.75 -28.1415 0.014487 0.366972
6.775 -30.6746 0.0145911 0.354758
6.8 -33.3262 0.0146229 0.340614
6.825 -36.0748 0.0145787 0.324805
6.85 -38.8719 0.0144585 0.307788
6.875 -41.6412 0.0142677 0.290219
6.9 -44.2892 0.0140182 0.272867
6.925 -46.7289 0.0137272 0.25645
6.95 -48.9053 0.0134134 0.24145
6.975 -50.8045 0.0130922 0.22805
7 -52.4432 0.0127729 0.216207
7.025 -53.8524 0.0124598 0.205759
7.05 -55.0655 0.012154 0.196516
7.075 -56.1134 0.0118556 0.188294
7.1 -57.023 0.0115646 0.180931
7.125 -57.8168 0.0112808 0.174287
7.15 -58.5133 0.011004 0.168248
7.175 -59.1275 0.0107341 0.162719
7.2 -59.6718 0.0104708 0.157622
7.225 -60.1563 0.010214 0.152895
7.25 -60.589 0.00996351 0.148487
7.275 -60.9768 0.00971924 0.144353
7.3 -61.3251 0.009481 0.14046
7.325 -61.6386 0.00924864 0.136779
7.35 -61.9213 0.00902202 0.133283
7.375 -62.1762 0.00880099 0.129954
7.4 -62.4063 0.00858543 0.126774
7.425 -62.614 0.00837518 0.123726
7.45 -62.8012 0.00817012 0.120798
7.475 -62.9698 0.00797013 0.117979
7.5 -63.1214 0.00777508 0.115258
7.525 -63.2574 0.00758484 0.112628
7.55 -63.3789 0.00739929 0.110079
7.575 -63.487 0.00721833 0.107606
7.6 -63.5827 0.00704184 0.105202
7.625 -63.667 0.00686971 0.102861
7.65 -63.7405 0.00670182 0.10058
7.675 -63.8039 0.00653808 0.0983524
7.7 -63.858 0.00637838 0.0961753
7.725 -63.9032 0.00622263 0.0940447
7.75 -63.9402 0.00607072 0.0919574
7.775 -63.9695 0.00592256 0.0899101
7.8 -63.9914 0.00577806 0.0879002
7.825 -64.0066 0.00563713 0.085925
7.85 -64.0152 0.00549967 0.0839822
7.875 -64.0182 0.00536562 0.0820916
7.9 -64.0162 0.00523487 0.0802561
7.925 -64.0096 0.00510735 0.0784719
7.95 -63.9991 0.00498297 0.0767357
7.975 -63.9851 0.00486167 0.0750447
8 -63.9678 0.00474336 0.0733964
8.025 -63.9478 0.00462798 0.0717884
8.05 -63.9253 0.00451544 0.0702187
8.075 -63.9007 0.00440568 0.0686856
8.1 -63.8741 0.00429864 0.0671873
8.125 -63.8458 0.00419423 0.0657225
8.15 -63.8161 0.0040924 0.0642896
8.175 -63.7852 0.00399309 0.0628876
8.2 -63.7533 0.00389623 0.0615152
8.225 -63.7205 0.00380176 0.0601715
8.25 -63.687 0.00370962 0.0588556
8.275 -63.653 0.00361976 0.0575666
8.3 -63.6186 0.00353211 0.0563038
8.325 -63.5839 0.00344663 0.0550663
8.35 -63.5491 0.00336326 0.0538537
8.375 -63.5142 0.00328195 0.0526652
8.4 -63.4794 0.00320265 0.0515003
8.425 -63.4447 0.0031253 0.0503585
8.45 -63.4103 0.00304987 0.0492393
8.475 -63.3761 0.0029763 0.0481422
8.5 -63.3423 0.00290454 0.0470669
8.525 -63.309 0.00283455 0.0460128
8.55 -63.2761 0.0027663 0.0449797
8.575 -63.2437 0.00269972 0.043967
8.6 -63.2119 0.0026348 0.0429746
8.625 -63.1808 0.00257147 0.042002
8.65 -63.1502 0.00250971 0.0410489
8.675 -63.1204 0.00244947 0.040115
8.7 -63.0912 0.00239072 0.0391999
8.725 -63.0628 0.00233343 0.0383034
8.75 -63.0351 0.00227754 0.0374251
8.775 -63.0081 0.00222304 0.0365648
8.8 -62.982 0.00216988 0.0357222
8.825 -62.9566 0.00211803 0.0348969
8.85 -62.9321 0.00206747 0.0340888
8.875 -62.9083 0.00201815 0.0332975
8.9 -62.8854 0.00197005 0.0325227
8.925 -62.8633 0.00192314 0.0317641
8.95 -62.842 0.00187738 0.0310216
8.975 -62.8215 0.00183276 0.0302948
9 -62.8019 0.00178923 0.0295835
9.025 -62.7831 0.00174679 0.0288873
9.05 -62.7652 0.00170539 0.0282061
9.075 -62.748 0.00166501 0.0275396
9.1 -62.7317 0.00162563 0.0268875
9.125 -62.7162 0.00158722 0.0262495
9.15 -62.7016 0.00154976 0.0256254
9.175 -62.6877 0.00151322 0.025015
9.2 -62.6747 0.00147759 0.024418
9.225 -62.6625 0.00144284 0.0238342
9.25 -62.651 0.00140894 0.0232633
9.275 -62.6404 0.00137588 0.022705
9.3 -62.6306 0.00134364 0.0221592
9.325 -62.6215 0.00131219 0.0216256
9.35 -62.6132 0.00128152 0.021104
9.375 -62.6057 0.00125161 0.0205941
9.4 -62.5989 0.00122244 0.0200957
9.425 -62.5929 0.00119398 0.0196086
9.45 -62.5877 0.00116623 0.0191325
9.475 -62.5831 0.00113917 0.0186673
9.5 -62.5794 0.00111277 0.0182128
9.525 -62.5763 0.00108702 0.0177686
9.55 -62.5739 0.00106191 0.0173346
9.575 -62.5723 0.00103742 0.0169106
9.6 -62.5713 0.00101354 0.0164965
9.625 -62.5711 0.00099024 0.0160919
9.65 -62.5715 0.000967519 0.0156967
9.675 -62.5725 0.000945359 0.0153106
9.7 -62.5743 0.000923747 0.0149336
9.725 -62.5767 0.000902668 0.0145654
9.75 -62.5797 0.000882109 0.0142059
9.775 -62.5834 0.000862058 0.0138547
9.8 -62.5877 0.000842502 0.0135119
9.825 -62.5926 0.000823429 0.0131771
9.85 -62.5982 0.000804827 0.0128503
9.875 -62.6043 0.000786684 0.0125311
9.9 -62.611 0.000768989 0.0122196
9.925 -62.6183 0.000751731 0.0119155
9.95 -62.6262 0.000734899 0.0116186
9.975 -62.6346 0.000718482 0.0113288
10 -62.6436 0.000702471 0.011046
10.025 -62.6531 0.000686855 0.0107699
10.05 -62.6632 0.000671625 0.0105004
10.075 -62.6738 0.000656771 0.0102375
10.1 -62.6849 0.000642284 0.00998087
10.125 -62.6965 0.000628154 0.00973045
10.15 -62.7086 0.000614373 0.00948609
10.175 -62.7212 0.000600932 0.00924765
10.2 -62.7343 0.000587824 0.009015
10.225 -62.7479 0.000575038 0.008788
10.25 -62.7619 0.000562569 0.00856653
10.275 -62.7763 0.000550407 0.00835047
10.3 -62.7912 0.000538546 0.00813968
10.325 -62.8065 0.000526978 0.00793406
10.35 -62.8223 0.000515695 0.00773347
10.375 -62.8385 0.000504691 0.00753781
10.4 -62.855 0.000493958 0.00734695
10.425 -62.872 0.000483491 0.0071608
10.45 -62.8893 0.000473281 0.00697923
10.475 -62.907 0.000463324 0.00680215
10.5 -62.9251 0.000453613 0.00662944
10.525 -62.9435 0.000444142 0.00646101
10.55 -62.9623 0.000434904 0.00629676
10.575 -62.9814 0.000425895 0.00613658
10.6 -63.0008 0.000417108 0.00598039
10.625 -63.0206 0.000408537 0.00582808
10.65 -63.0407 0.000400179 0.00567957
10.675 -63.061 0.000392027 0.00553476
10.7 -63.0817 0.000384076 0.00539357
10.725 -63.1026 0.000376321 0.00525591
10.75 -63.1238 0.000368758 0.0051217
10.775 -63.1453 0.000361382 0.00499085
10.8 -63.167 0.000354188 0.00486328
10.825 -63.189 0.000347171 0.00473892
10.85 -63.2112 0.000340328 0.00461769
10.875 -63.2336 0.000333653 0.0044995
10.9 -63.2562 0.000327144 0.0043843
10.925 -63.2791 0.000320795 0.004272
10.95 -63.3021 0.000314603 0.00416254
10.975 -63.3254 0.000308563 0.00405585
11 -63.3488 0.000302673 0.00395185
11.025 -63.3724 0.000296928 0.00385049
11.05 -63.3962 0.000291326 0.00375169
11.075 -63.4202 0.000285861 0.00365541
11.1 -63.4443 0.000280531 0.00356156
11.125 -63.4685 0.000275333 0.00347011
11.15 -63.4929 0.000270264 0.00338097
11.175 -63.5174 0.000265319 0.00329411
11.2 -63.542 0.000260497 0.00320946
11.225 -63.5668 0.000255793 0.00312696
11.25 -63.5916 0.000251206 0.00304657
11.275 -63.6166 0.000246732 0.00296824
11.3 -63.6417 0.000242368 0.0028919
11.325 -63.6668 0.000238113 0.00281751
11.35 -63.6921 0.000233962 0.00274503
11.375 -63.7174 0.000229914 0.0026744
11.4 -63.7427 0.000225965 0.00260558
11.425 -63.7682 0.000222115 0.00253853
11.45 -63.7937 0.000218359 0.00247319
11.475 -63.8192 0.000214696 0.00240953
11.5 -63.8448 0.000211123 0.00234751
11.525 -63.8704 0.000207639 0.00228707
11.55 -63.8961 0.000204241 0.00222819
11.575 -63.9218 0.000200926 0.00217083
11.6 -63.9475 0.000197694 0.00211494
11.625 -63.9732 0.000194541 0.00206048
11.65 -63.999 0.000191466 0.00200743
11.675 -64.0247 0.000188467 0.00195575
11.7 -64.0504 0.000185542 0.0019054
11.725 -64.0762 0.000182689 0.00185634
11.75 -64.1019 0.000179907 0.00180855
11.775 -64.1277 0.000177193 0.00176199
11.8 -64.1534 0.000174547 0.00171664
11.825 -64.1791 0.000171966 0.00167245
11.85 -64.2047 0.000169448 0.00162941
11.875 -64.2303 0.000166993 0.00158747
11.9 -64.2559 0.000164598 0.00154662
11.925 -64.2815 0.000162262 0.00150683
11.95 -64.307 0.000159984 0.00146806
11.975 -64.3325 0.000157763 0.0014303
12 -64.3579 0.000155596 0.00139351
12.025 -64.3833 0.000153482 0.00135768
12.05 -64.4086 0.000151421 0.00132277
12.075 -64.4339 0.000149411 0.00128876
12.1 -64.4591 0.00014745 0.00125564
12.125 -64.4842 0.000145538 0.00122337
12.15 -64.5093 0.000143673 0.00119194
12.175 -64.5342 0.000141854 0.00116132
12.2 -64.5592 0.00014008 0.0011315
12.225 -64.584 0.00013835 0.00110245
12.25 -64.6088 0.000136662 0.00107415
12.275 -64.6334 0.000135016 0.00104658
12.3 -64.658 0.000133411 0.00101973
12.325 -64.6825 0.000131845 0.00099357
12.35 -64.707 0.000130318 0.000968091
12.375 -64.7313 0.000128829 0.000943272
12.4 -64.7555 0.000127376 0.000919096
12.425 -64.7797 0.00012596 0.000895547
12.45 -64.8037 0.000124578 0.000872608
12.475 -64.8276 0.000123231 0.000850264
12.5 -64.8515 0.000121916 0.000828499
12.525 -64.8752 0.000120635 0.000807298
12.55 -64.8988 0.000119384 0.000786646
12.575 -64.9223 0.000118165 0.00076653
12.6 -64.9458 0.000116976 0.000746935
12.625 -64.9691 0.000115816 0.000727847
12.65 -64.9923 0.000114685 0.000709255
12.675 -65.0153 0.000113582 0.000691144
12.7 -65.0383 0.000112506 0.000673503
12.725 -65.0612 0.000111456 0.000656318
12.75 -65.0839 0.000110433 0.000639579
12.775 -65.1065 0.000109434 0.000623274
12.8 -65.129 0.000108461 0.000607391
12.825 -65.1514 0.000107511 0.000591919
12.85 -65.1737 0.000106585 0.000576848
12.875 -65.1958 0.000105682 0.000562167
12.9 -65.2178 0.000104801 0.000547867
12.925 -65.2397 0.000103941 0.000533937
12.95 -65.2615 0.000103103 0.000520367
12.975 -65.2831 0.000102286 0.000507149
13 -65.3047 0.000101489 0.000494272
13.025 -65.326 0.000100711 0.000481729
13.05 -65.3473 9.99532e-05 0.000469511
13.075 -65.3685 9.92136e-05 0.000457608
13.1 -65.3895 9.84923e-05 0.000446014
13.125 -65.4104 9.77888e-05 0.000434719
13.15 -65.4311 9.71027e-05 0.000423717
13.175 -65.4518 9.64336e-05 0.000412999
13.2 -65.4723 9.57809e-05 0.000402558
13.225 -65.4926 9.51444e-05 0.000392387
13.25 -65.5129 9.45236e-05 0.000382478
13.275 -65.533 9.39181e-05 0.000372826
13.3 -65.553 9.33275e-05 0.000363423
13.325 -65.5729 9.27516e-05 0.000354263
13.35 -65.5926 9.21898e-05 0.000345339
13.375 -65.6122 9.1642e-05 0.000336646
13.4 -65.6317 9.11076e-05 0.000328177
13.425 -65.651 9.05865e-05 0.000319927
13.45 -65.6702 9.00782e-05 0.000311889
13.475 -65.6893 8.95825e-05 0.000304059
13.5 -65.7082 8.9099e-05 0.000296431
13.525 -65.7271 8.86274e-05 0.000288999
13.55 -65.7458 8.81675e-05 0.000281759
13.575 -65.7643 8.7719e-05 0.000274706
13.6 -65.7828 8.72815e-05 0.000267834
13.625 -65.8011 8.68548e-05 0.00026114
13.65 -65.8192 8.64386e-05 0.000254617
13.675 -65.8373 8.60328e-05 0.000248263
13.7 -65.8552 8.56369e-05 0.000242072
13.725 -65.873 8.52508e-05 0.000236041
13.75 -65.8907 8.48743e-05 0.000230165
13.775 -65.9082 8.45071e-05 0.00022444
13.8 -65.9256 8.41489e-05 0.000218862
13.825 -65.9429 8.37995e-05 0.000213428
13.85 -65.9601 8.34588e-05 0.000208133
13.875 -65.9771 8.31265e-05 0.000202974
13.9 -65.994 8.28024e-05 0.000197948
13.925 -66.0108 8.24863e-05 0.000193051
13.95 -66.0275 8.2178e-05 0.00018828
13.975 -66.044 8.18774e-05 0.000183631
14 -66.0604 8.15841e-05 0.000179101
14.025 -66.0767 8.12981e-05 0.000174688
14.05 -66.0929 8.10192e-05 0.000170388
14.075 -66.1089 8.07471e-05 0.000166198
14.1 -66.1248 8.04817e-05 0.000162116
14.125 -66.1406 8.02229e-05 0.000158138
14.15 -66.1563 7.99705e-05 0.000154262
14.175 -66.1719 7.97244e-05 0.000150486
14.2 -66.1873 7.94843e-05 0.000146806
14.225 -66.2026 7.92501e-05 0.00014322
14.25 -66.2178 7.90217e-05 0.000139726
14.275 -66.2329 7.8799e-05 0.000136322
14.3 -66.2479 7.85817e-05 0.000133004
14.325 -66.2628 7.83698e-05 0.000129772
14.35 -66.2775 7.81632e-05 0.000126622
14.375 -66.2921 7.79616e-05 0.000123553
14.4 -66.3066 7.77651e-05 0.000120562
14.425 -66.321 7.75733e-05 0.000117647
14.45 -66.3353 7.73864e-05 0.000114807
14.475 -66.3495 7.7204e-05 0.000112039
14.5 -66.3635 7.70261e-05 0.000109342
14.525 -66.3775 7.68526e-05 0.000106714
14.55 -66.3913 7.66835e-05 0.000104153
14.575 -66.405 7.65184e-05 0.000101657
14.6 -66.4186 7.63575e-05 9.92251e-05
14.625 -66.4322 7.62005e-05 9.68549e-05
14.65 -66.4456 7.60474e-05 9.45451e-05
14.675 -66.4588 7.58981e-05 9.22942e-05
14.7 -66.472 7.57525e-05 9.01005e-05
14.725 -66.4851 7.56105e-05 8.79627e-05
14.75 -66.4981 7.5472e-05 8.58793e-05
14.775 -66.511 7.53368e-05 8.38489e-05
14.8 -66.5237 7.52051e-05 8.18701e-05
14.825 -66.5364 7.50766e-05 7.99417e-05
14.85 -66.549 7.49512e-05 7.80623e-05
14.875 -66.5614 7.4829e-05 7.62306e-05
14.9 -66.5738 7.47098e-05 7.44455e-05
14.925 -66.586 7.45935e-05 7.27057e-05
14.95 -66.5982 7.44801e-05 7.10101e-05
14.975 -66.6102 7.43694e-05 6.93575e-05
15 -66.6222 7.42616e-05 6.77468e-05
15.025 -66.6341 7.41563e-05 6.6177e-05
15.05 -66.6458 7.40537e-05 6.46471e-05
15.075 -66.6575 7.39536e-05 6.31559e-05
15.1 -66.6691 7.3856e-05 6.17025e-05
15.125 -66.6806 7.37608e-05 6.02859e-05
15.15 -66.6919 7.3668e-05 5.89052e-05
15.175 -66.7032 7.35774e-05 5.75595e-05
15.2 -66.7144 7.34891e-05 5.62478e-05
15.225 -66.7256 7.34029e-05 5.49693e-05
15.25 -66.7366 7.33189e-05 5.37232e-05
15.275 -66.7475 7.3237e-05 5.25086e-05
15.3 -66.7583 7.3157e-05 5.13247e-05
15.325 -66.7691 7.30791e-05 5.01707e-05
15.35 -66.7797 7.30031e-05 4.90459e-05
15.375 -66.7903 7.29289e-05 4.79495e-05
15.4 -66.8008 7.28566e-05 4.68808e-05
15.425 -66.8112 7.27861e-05 4.58391e-05
15.45 -66.8215 7.27173e-05 4.48236e-05
15.475 -66.8317 7.26502e-05 4.38338e-05
15.5 -66.8419 7.25848e-05 4.28689e-05
15.525 -66.8519 7.2521e-05 4.19284e-05
15.55 -66.8619 7.24587e-05 4.10116e-05
15.575 -66.8718 7.2398e-05 4.01179e-05
15.6 -66.8816 7.23388e-05 3.92467e-05
15.625 -66.8914 7.22811e-05 3.83974e-05
15.65 -66.901 7.22247e-05 3.75696e-05
15.675 -66.9106 7.21698e-05 3.67625e-05
15.7 -66.9201 7.21162e-05 3.59758e-05
15.725 -66.9295 7.2064e-05 3.52088e-05
15.75 -66.9388 7.2013e-05 3.44612e-05
15.775 -66.9481 7.19633e-05 3.37323e-05
15.8 -66.9573 7.19148e-05 3.30218e-05
15.825 -66.9664 7.18676e-05 3.23291e-05
15.85 -66.9754 7.18215e-05 3.16538e-05
15.875 -66.9844 7.17765e-05 3.09954e-05
15.9 -66.9932 7.17326e-05 3.03536e-05
15.925 -67.0021 7.16898e-05 2.97279e-05
15.95 -67.0108 7.16481e-05 2.91178e-05
15.975 -67.0195 7.16074e-05 2.85231e-05
16 -67.0281 7.15677e-05 2.79433e-05
16.025 -67.0366 7.1529e-05 2.7378e-05
16.05 -67.045 7.14913e-05 2.68268e-05
16.075 -67.0534 7.14545e-05 2.62895e-05
16.1 -67.0617 7.14186e-05 2.57656e-05
16.125 -67.07 7.13835e-05 2.52549e-05
16.15 -67.0782 7.13494e-05 2.47569e-05
16.175 -67.0863 7.13161e-05 2.42713e-05
16.2 -67.0943 7.12836e-05 2.37979e-05
16.225 -67.1023 7.12519e-05 2.33364e-05
16.25 -67.1102 7.1221e-05 2.28863e-05
16.275 -67.1181 7.11908e-05 2.24475e-05
16.3 -67.1259 7.11614e-05 2.20197e-05
16.325 -67.1336 7.11327e-05 2.16025e-05
16.35 -67.1413 7.11048e-05 2.11958e-05
16.375 -67.1489 7.10775e-05 2.07992e-05
16.4 -67.1564 7.10509e-05 2.04125e-05
16.425 -67.1639 7.10249e-05 2.00354e-05
16.45 -67.1713 7.09996e-05 1.96677e-05
16.475 -67.1787 7.0975e-05 1.93092e-05
16.5 -67.186 7.09509e-05 1.89596e-05
16.525 -67.1932 7.09274e-05 1.86187e-05
16.55 -67.2004 7.09045e-05 1.82863e-05
16.575 -67.2075 7.08822e-05 1.79621e-05
16.6 -67.2146 7.08604e-05 1.7646e-05
16.625 -67.2216 7.08392e-05 1.73378e-05
16.65 -67.2285 7.08184e-05 1.70372e-05
16.675 -67.2354 7.07982e-05 1.67441e-05
16.7 -67.2422 7.07785e-05 1.64583e-05
16.725 -67.249 7.07593e-05 1.61795e-05
16.75 -67.2558 7.07406e-05 1.59077e-05
16.775 -67.2624 7.07223e-05 1.56426e-05
16.8 -67.2691 7.07044e-05 1.53841e-05
16.825 -67.2756 7.0687e-05 1.5132e-05
16.85 -67.2822 7.06701e-05 1.48862e-05
16.875 -67.2886 7.06535e-05 1.46464e-05
16.9 -67.295 7.06374e-05 1.44126e-05
16.925 -67.3014 7.06217e-05 1.41845e-05
16.95 -67.3077 7.06063e-05 1.39621e-05
16.975 -67.314 7.05913e-05 1.37452e-05
17 -67.3202 7.05767e-05 1.35337e-05
17.025 -67.3264 7.05625e-05 1.33273e-05
17.05 -67.3325 7.05486e-05 1.31261e-05
17.075 -67.3386 7.05351e-05 1.29298e-05
17.1 -67.3446 7.05219e-05 1.27384e-05
17.125 -67.3506 7.0509e-05 1.25517e-05
17.15 -67.3565 7.04964e-05 1.23696e-05
17.175 -67.3624 7.04842e-05 1.2192e-05
17.2 -67.3682 7.04722e-05 1.20188e-05
17.225 -67.374 7.04605e-05 1.18498e-05
17.25 -67.3797 7.04492e-05 1.1685e-05
17.275 -67.3854 7.04381e-05 1.15242e-05
17.3 -67.3911 7.04273e-05 1.13674e-05
17.325 -67.3967 7.04167e-05 1.12144e-05
17.35 -67.4023 7.04064e-05 1.10652e-05
17.375 -67.4078 7.03964e-05 1.09197e-05
17.4 -67.4133 7.03866e-05 1.07777e-05
17.425 -67.4188 7.03771e-05 1.06392e-05
17.45 -67.4242 7.03677e-05 1.05042e-05
17.475 -67.4295 7.03587e-05 1.03724e-05
17.5 -67.4348 7.03498e-05 1.02438e-05
17.525 -67.4401 7.03412e-05 1.01184e-05
17.55 -67.4454 7.03328e-05 9.99609e-06
17.575 -67.4506 7.03245e-05 9.87674e-06
17.6 -67.4557 7.03165e-05 9.76031e-06
17.625 -67.4609 7.03087e-05 9.64672e-06
17.65 -67.466 7.03011e-05 9.53591e-06
17.675 -67.471 7.02937e-05 9.4278e-06
17.7 -67.476 7.02864e-05 9.32233e-06
17.725 -67.481 7.02793e-05 9.21943e-06
17.75 -67.4859 7.02724e-05 9.11903e-06
17.775 -67.4908 7.02657e-05 9.02108e-06
17.8 -67.4957 7.02591e-05 8.92552e-06
17.825 -67.5005 7.02527e-05 8.83227e-06
17.85 -67.5053 7.02465e-05 8.74129e-06
17.875 -67.5101 7.02404e-05 8.65252e-06
17.9 -67.5148 7.02345e-05 8.56591e-06
17.925 -67.5195 7.02287e-05 8.4814e-06
17.95 -67.5242 7.02231e-05 8.39893e-06
17.975 -67.5288 7.02175e-05 8.31847e-06
18 -67.5334 7.02122e-05 8.23995e-06
18.025 -67.5379 7.02069e-05 8.16333e-06
18.05 -67.5424 7.02018e-05 8.08857e-06
18.075 -67.5469 7.01968e-05 8.01561e-06
18.1 -67.5514 7.0192e-05 7.94441e-06
18.125 -67.5558 7.01872e-05 7.87493e-06
18.15 -67.5602 7.01826e-05 7.80712e-06
18.175 -67.5646 7.01781e-05 7.74095e-06
18.2 -67.5689 7.01737e-05 7.67637e-06
18.225 -67.5732 7.01694e-05 7.61335e-06
18.25 -67.5775 7.01652e-05 7.55184e-06
18.275 -67.5817 7.01612e-05 7.49181e-06
18.3 -67.586 7.01572e-05 7.43322e-06
18.325 -67.5901 7.01533e-05 7.37603e-06
18.35 -67.5943 7.01495e-05 7.32022e-06
18.375 -67.5984 7.01458e-05 7.26574e-06
18.4 -67.6025 7.01422e-05 7.21257e-06
18.425 -67.6066 7.01387e-05 7.16066e-06
18.45 -67.6106 7.01353e-05 7.11e-06
18.475 -67.6147 7.01319e-05 7.06054e-06
18.5 -67.6186 7.01287e-05 7.01227e-06
18.525 -67.6226 7.01255e-05 6.96514e-06
18.55 -67.6265 7.01224e-05 6.91914e-06
18.575 -67.6304 7.01194e-05 6.87423e-06
18.6 -67.6343 7.01164e-05 6.83039e-06
18.625 -67.6382 7.01136e-05 6.78758e-06
18.65 -67.642 7.01108e-05 6.7458e-06
18.675 -67.6458 7.0108e-05 6.705e-06
18.7 -67.6496 7.01054e-05 6.66517e-06
18.725 -67.6534 7.01028e-05 6.62627e-06
18.75 -67.6571 7.01002e-05 6.5883e-06
18.775 -67.6608 7.00978e-05 6.55123e-06
18.8 -67.6645 7.00953e-05 6.51502e-06
18.825 -67.6681 7.0093e-05 6.47967e-06
18.85 -67.6718 7.00907e-05 6.44515e-06
18.875 -67.6754 7.00884e-05 6.41144e-06
18.9 -67.679 7.00863e-05 6.37853e-06
18.925 -67.6825 7.00841e-05 6.34638e-06
18.95 -67.6861 7.00821e-05 6.31499e-06
18.975 -67.6896 7.008e-05 6.28433e-06
19 -67.6931 7.00781e-05 6.25438e-06
19.025 -67.6966 7.00761e-05 6.22514e-06
19.05 -67.7 7.00742e-05 6.19657e-06
19.075 -67.7035 7.00724e-05 6.16867e-06
19.1 -67.7069 7.00706e-05 6.14142e-06
19.125 -67.7103 7.00689e-05 6.1148e-06
19.15 -67.7136 7.00672e-05 6.0888e-06
19.175 -67.717 7.00655e-05 6.06339e-06
19.2 -67.7203 7.00639e-05 6.03858e-06
19.225 -67.7236 7.00623e-05 6.01434e-06
19.25 -67.7269 7.00608e-05 5.99065e-06
19.275 -67.7302 7.00593e-05 5.96751e-06
19.3 -67.7334 7.00578e-05 5.94491e-06
19.325 -67.7366 7.00564e-05 5.92282e-06
19.35 -67.7398 7.0055e-05 5.90123e-06
19.375 -67.743 7.00536e-05 5.88014e-06
19.4 -67.7462 7.00523e-05 5.85953e-06
19.425 -67.7494 7.0051e-05 5.83939e-06
19.45 -67.7525 7.00498e-05 5.81971e-06
19.475 -67.7556 7.00485e-05 5.80048e-06
19.5 -67.7587 7.00473e-05 5.78168e-06
19.525 -67.7618 7.00462e-05 5.76331e-06
19.55 -67.7648 7.0045e-05 5.74535e-06
19.575 -67.7679 7.00439e-05 5.7278e-06
19.6 -67.7709 7.00428e-05 5.71064e-06
19.625 -67.7739 7.00418e-05 5.69387e-06
19.65 -67.7769 7.00407e-05 5.67747e-06
19.675 -67.7799 7.00397e-05 5.66144e-06
19.7 -67.7828 7.00388e-05 5.64577e-06
19.725 -67.7858 7.00378e-05 5.63045e-06
19.75 -67.7887 7.00369e-05 5.61547e-06
19.775 -67.7916 7.0036e-05 5.60082e-06
19.8 -67.7945 7.00351e-05 5.5865e-06
19.825 -67.7974 7.00342e-05 5.57249e-06
19.85 -67.8002 7.00334e-05 5.55879e-06
19.875 -67.8031 7.00325e-05 5.54539e-06
19.9 -67.8059 7.00317e-05 5.53229e-06
19.925 -67.8087 7.0031e-05 5.51948e-06
19.95 -67.8115 7.00302e-05 5.50694e-06
19.975 -67.8143 7.00294e-05 5.49468e-06
20 -67.8171 7.00287e-05 5.48268e-06
20.025 -67.8198 7.0028e-05 5.47094e-06
20.05 -67.8226 7.00273e-05 5.45946e-06
20.075 -67.8253 7.00266e-05 5.44823e-06
20.1 -67.828 7.0026e-05 5.43724e-06
20.125 -67.8307 7.00253e-05 5.42648e-06
20.15 -67.8334 7.00247e-05 5.41595e-06
20.175 -67.8361 7.00241e-05 5.40565e-06
20.2 -67.8387 7.00235e-05 5.39557e-06
20.225 -67.8414 7.00229e-05 5.3857e-06
20.25 -67.844 7.00224e-05 5.37604e-06
20.275 -67.8466 7.00218e-05 5.36659e-06
20.3 -67.8492 7.00213e-05 5.35733e-06
20.325 -67.8518 7.00207e-05 5.34827e-06
20.35 -67.8544 7.00202e-05 5.3394e-06
20.375 -67.8569 7.00197e-05 5.33071e-06
20.4 -67.8595 7.00192e-05 5.3222e-06
20.425 -67.862 7.00188e-05 5.31387e-06
20.45 -67.8645 7.00183e-05 5.30571e-06
20.475 -67.8671 7.00179e-05 5.29772e-06
20.5 -67.8696 7.00174e-05 5.28989e-06
20.525 -67.872 7.0017e-05 5.28223e-06
20.55 -67.8745 7.00166e-05 5.27471e-06
20.575 -67.877 7.00162e-05 5.26736e-06
20.6 -67.8794 7.00158e-05 5.26015e-06
20.625 -67.8819 7.00154e-05 5.25308e-06
20.65 -67.8843 7.0015e-05 5.24616e-06
20.675 -67.8867 7.00146e-05 5.23937e-06
20.7 -67.8891 7.00143e-05 5.23272e-06
20.725 -67.8915 7.00139e-05 5.22621e-06
20.75 -67.8939 7.00136e-05 5.21982e-06
20.775 -67.8963 7.00132e-05 5.21355e-06
20.8 -67.8987 7.00129e-05 5.20741e-06
20.825 -67.901 7.00126e-05 5.20139e-06
20.85 -67.9034 7.00123e-05 5.19549e-06
20.875 -67.9057 7.0012e-05 5.1897e-06
20.9 -67.908 7.00117e-05 5.18402e-06
20.925 -67.9103 7.00114e-05 5.17845e-06
20.95 -67.9126 7.00111e-05 5.17299e-06
20.975 -67.9149 7.00108e-05 5.16763e-06
21 -67.9172 7.00106e-05 5.16237e-06
21.025 -67.9195 7.00103e-05 5.15721e-06
21.05 -67.9217 7.00101e-05 5.15215e-06
21.075 -67.924 7.00098e-05 5.14718e-06
21.1 -67.9262 7.00096e-05 5.1423e-06
21.125 -67.9285 7.00093e-05 5.13752e-06
21.15 -67.9307 7.00091e-05 5.13282e-06
21.175 -67.9329 7.00089e-05 5.12821e-06
21.2 -67.9351 7.00087e-05 5.12368e-06
21.225 -67.9373 7.00084e-05 5.11923e-06
21.25 -67.9395 7.00082e-05 5.11486e-06
21.275 -67.9417 7.0008e-05 5.11057e-06
21.3 -67.9438 7.00078e-05 5.10636e-06
21.325 -67.946 7.00076e-05 5.10222e-06
21.35 -67.9481 7.00074e-05 5.09816e-06
21.375 -67.9503 7.00073e-05 5.09416e-06
21.4 -67.9524 7.00071e-05 5.09024e-06
21.425 -67.9545 7.00069e-05 5.08638e-06
21.45 -67.9567 7.00067e-05 5.08259e-06
21.475 -67.9588 7.00066e-05 5.07886e-06
21.5 -67.9609 7.00064e-05 5.0752e-06
21.525 -67.963 7.00063e-05 5.07159e-06
21.55 -67.965 7.00061e-05 5.06805e-06
21.575 -67.9671 7.00059e-05 5.06457e-06
21.6 -67.9692 7.00058e-05 5.06114e-06
21.625 -67.9713 7.00057e-05 5.05777e-06
21.65 -67.9733 7.00055e-05 5.05446e-06
21.675 -67.9754 7.00054e-05 5.0512e-06
21.7 -67.9774 7.00052e-05 5.04799e-06
21.725 -67.9794 7.00051e-05 5.04483e-06
21.75 -67.9814 7.0005e-05 5.04172e-06
21.775 -67.9835 7.00049e-05 5.03867e-06
21.8 -67.9855 7.00047e-05 5.03566e-06
21.825 -67.9875 7.00046e-05 5.03269e-06
21.85 -67.9895 7.00045e-05 5.02977e-06
21.875 -67.9914 7.00044e-05 5.0269e-06
21.9 -67.9934 7.00043e-05 5.02407e-06
21.925 -67.9954 7.00042e-05 5.02128e-06
21.95 -67.9974 7.00041e-05 5.01853e-06
21.975 -67.9993 7.0004e-05 5.01583e-06
22 -68.0013 7.00039e-05 5.01316e-06
22.025 -68.0032 7.00038e-05 5.01054e-06
22.05 -68.0052 7.00037e-05 5.00795e-06
22.075 -68.0071 7.00036e-05 5.00539e-06
22.1 -68.009 7.00035e-05 5.00288e-06
22.125 -68.0109 7.00034e-05 5.0004e-06
22.15 -68.0128 7.00033e-05 4.99795e-06
22.175 -68.0147 7.00033e-05 4.99554e-06
22.2 -68.0166 7.00032e-05 4.99316e-06
22.225 -68.0185 7.00031e-05 4.99082e-06
22.25 -68.0204 7.0003e-05 4.9885e-06
22.275 -68.0223 7.0003e-05 4.98622e-06
22.3 -68.0242 7.00029e-05 4.98396e-06
22.325 -68.026 7.00028e-05 4.98174e-06
22.35 -68.0279 7.00027e-05 4.97955e-06
22.375 -68.0298 7.00027e-05 4.97738e-06
22.4 -68.0316 7.00026e-05 4.97524e-06
22.425 -68.0335 7.00025e-05 4.97313e-06
22.45 -68.0353 7.00025e-05 4.97104e-06
22.475 -68.0371 7.00024e-05 4.96898e-06
22.5 -68.039 7.00024e-05 4.96695e-06
22.525 -68.0408 7.00023e-05 4.96494e-06
22.55 -68.0426 7.00022e-05 4.96296e-06
22.575 -68.0444 7.00022e-05 4.96099e-06
22.6 -68.0462 7.00021e-05 4.95906e-06
22.625 -68.048 7.00021e-05 4.95714e-06
22.65 -68.0498 7.0002e-05 4.95525e-06
22.675 -68.0516 7.0002e-05 4.95338e-06
22.7 -68.0534 7.00019e-05 4.95153e-06
22.725 -68.0552 7.00019e-05 4.9497e-06
22.75 -68.0569 7.00018e-05 4.94789e-06
22.775 -68.0587 7.00018e-05 4.9461e-06
22.8 -68.0605 7.00017e-05 4.94433e-06
22.825 -68.0622 7.00017e-05 4.94258e-06
22.85 -68.064 7.00017e-05 4.94085e-06
22.875 -68.0657 7.00016e-05 4.93913e-06
22.9 -68.0675 7.00016e-05 4.93744e-06
22.925 -68.0692 7.00015e-05 4.93576e-06
22.95 -68.0709 7.00015e-05 4.9341e-06
22.975 -68.0727 7.00015e-05 4.93245e-06
23 -68.0744 7.00014e-05 4.93083e-06
23.025 -68.0761 7.00014e-05 4.92921e-06
23.05 -68.0778 7.00014e-05 4.92762e-06
23.075 -68.0795 7.00013e-05 4.92604e-06
23.1 -68.0812 7.00013e-05 4.92447e-06
23.125 -68.0829 7.00013e-05 4.92292e-06
23.15 -68.0846 7.00012e-05 4.92138e-06
23.175 -68.0863 7.00012e-05 4.91986e-06
23.2 -68.088 7.00012e-05 4.91835e-06
23.225 -68.0897 7.00011e-05 4.91686e-06
23.25 -68.0914 7.00011e-05 4.91538e-06
23.275 -68.093 7.00011e-05 4.91391e-06
23.3 -68.0947 7.00011e-05 4.91245e-06
23.325 -68.0964 7.0001e-05 4.91101e-06
23.35 -68.098 7.0001e-05 4.90958e-06
23.375 -68.0997 7.0001e-05 4.90816e-06
23.4 -68.1014 7.0001e-05 4.90675e-06
23.425 -68.103 7.00009e-05 4.90536e-06
23.45 -68.1046 7.00009e-05 4.90397e-06
23.475 -68.1063 7.00009e-05 4.9026e-06
23.5 -68.1079 7.00009e-05 4.90124e-06
23.525 -68.1096 7.00008e-05 4.89989e-06
23.55 -68.1112 7.00008e-05 4.89854e-06
23.575 -68.1128 7.00008e-05 4.89721e-06
23.6 -68.1144 7.00008e-05 4.89589e-06
23.625 -68.116 7.00008e-05 4.89458e-06
23.65 -68.1177 7.00007e-05 4.89328e-06
23.675 -68.1193 7.00007e-05 4.89199e-06
23.7 -68.1209 7.00007e-05 4.89071e-06
23.725 -68.1225 7.00007e-05 4.88943e-06
23.75 -68.1241 7.00007e-05 4.88817e-06
23.775 -68.1257 7.00007e-05 4.88691e-06
23.8 -68.1273 7.00006e-05 4.88566e-06
23.825 -68.1288 7.00006e-05 4.88442e-06
23.85 -68.1304 7.00006e-05 4.88319e-06
23.875 -68.132 7.00006e-05 4.88197e-06
23.9 -68.1336 7.00006e-05 4.88076e-06
23.925 -68.1352 7.00006e-05 4.87955e-06
23.95 -68.1367 7.00006e-05 4.87835e-06
23.975 -68.1383 7.00005e-05 4.87716e-06
24 -68.1399 7.00005e-05 4.87597e-06
24.025 -68.1414 7.00005e-05 4.8748e-06
24.05 -68.143 7.00005e-05 4.87363e-06
24.075 -68.1445 7.00005e-05 4.87246e-06
24.1 -68.1461 7.00005e-05 4.87131e-06
24.125 -68.1476 7.00005e-05 4.87016e-06
24.15 -68.1492 7.00005e-05 4.86901e-06
24.175 -68.1507 7.00004e-05 4.86788e-06
24.2 -68.1522 7.00004e-05 4.86675e-06
24.225 -68.1538 7.00004e-05 4.86562e-06
24.25 -68.1553 7.00004e-05 4.86451e-06
24.275 -68.1568 7.00004e-05 4.86339e-06
24.3 -68.1584 7.00004e-05 4.86229e-06
24.325 -68.1599 7.00004e-05 4.86119e-06
24.35 -68.1614 7.00004e-05 4.86009e-06
24.375 -68.1629 7.00004e-05 4.85901e-06
24.4 -68.1644 7.00004e-05 4.85792e-06
24.425 -68.1659 7.00003e-05 4.85684e-06
24.45 -68.1674 7.00003e-05 4.85577e-06
24.475 -68.1689 7.00003e-05 4.85471e-06
24.5 -68.1704 7.00003e-05 4.85364e-06
24.525 -68.1719 7.00003e-05 4.85259e-06
24.55 -68.1734 7.00003e-05 4.85153e-06
24.575 -68.1749 7.00003e-05 4.85049e-06
24.6 -68.1764 7.00003e-05 4.84944e-06
24.625 -68.1779 7.00003e-05 4.84841e-06
24.65 -68.1794 7.00003e-05 4.84737e-06
24.675 -68.1808 7.00003e-05 4.84635e-06
24.7 -68.1823 7.00003e-05 4.84532e-06
24.725 -68.1838 7.00003e-05 4.8443e-06
24.75 -68.1853 7.00003e-05 4.84329e-06
24.775 -68.1867 7.00002e-05 4.84228e-06
24.8 -68.1882 7.00002e-05 4.84127e-06
24.825 -68.1897 7.00002e-05 4.84027e-06
24.85 -68.1911 7.00002e-05 4.83927e-06
24.875 -68.1926 7.00002e-05 4.83827e-06
24.9 -68.194 7.00002e-05 4.83728e-06
24.925 -68.1955 7.00002e-05 4.8363e-06
24.95 -68.1969 7.00002e-05 4.83532e-06
24.975 -68.1984 7.00002e-05 4.83434e-06
25 -68.1998 7.00002e-05 4.83336e-06
25.025 -68.2013 7.00002e-05 4.83239e-06
25.05 -68.2027 7.00002e-05 4.83142e-06
25.075 -68.2041 7.00002e-05 4.83046e-06
25.1 -68.2056 7.00002e-05 4.8295e-06
25.125 -68.207 7.00002e-05 4.82854e-06
25.15 -68.2084 7.00002e-05 4.82759e-06
25.175 -68.2099 7.00002e-05 4.82663e-06
25.2 -68.2113 7.00002e-05 4.82569e-06
25.225 -68.2127 7.00002e-05 4.82474e-06
25.25 -68.2141 7.00002e-05 4.8238e-06
25.275 -68.2156 7.00001e-05 4.82286e-06
25.3 -68.217 7.00001e-05 4.82193e-06
25.325 -68.2184 7.00001e-05 4.821e-06
25.35 -68.2198 7.00001e-05 4.82007e-06
25.375 -68.2212 7.00001e-05 4.81914e-06
25.4 -68.2226 7.00001e-05 4.81822e-06
25.425 -68.224 7.00001e-05 4.8173e-06
25.45 -68.2254 7.00001e-05 4.81638e-06
25.475 -68.2268 7.00001e-05 4.81547e-06
25.5 -68.2282 7.00001e-05 4.81456e-06
25.525 -68.2296 7.00001e-05 4.81365e-06
25.55 -68.231 7.00001e-05 4.81274e-06
25.575 -68.2324 7.00001e-05 4.81184e-06
25.6 -68.2338 7.00001e-05 4.81094e-06
25.625 -68.2352 7.00001e-05 4.81004e-06
25.65 -68.2365 7.00001e-05 4.80915e-06
25.675 -68.2379 7.00001e-05 4.80825e-06
25.7 -68.2393 7.00001e-05 4.80736e-06
25.725 -68.2407 7.00001e-05 4.80648e-06
25.75 -68.2421 7.00001e-05 4.80559e-06
25.775 -68.2434 7.00001e-05 4.80471e-06
25.8 -68.2448 7.00001e-05 4.80383e-06
25.825 -68.2462 7.00001e-05 4.80295e-06
25.85 -68.2475 7.00001e-05 4.80207e-06
25.875 -68.2489 7.00001e-05 4.8012e-06
25.9 -68.2503 7.00001e-05 4.80033e-06
25.925 -68.2516 7.00001e-05 4.79946e-06
25.95 -68.253 7.00001e-05 4.79859e-06
25.975 -68.2543 7.00001e-05 4.79773e-06
26 -68.2557 7.00001e-05 4.79686e-06
26.025 -68.257 7.00001e-05 4.796e-06
26.05 -68.2584 7.00001e-05 4.79514e-06
26.075 -68.2597 7.00001e-05 4.79429e-06
26.1 -68.2611 7.00001e-05 4.79343e-06
26.125 -68.2624 7.00001e-05 4.79258e-06
26.15 -68.2638 7.00001e-05 4.79173e-06
26.175 -68.2651 7.00001e-05 4.79088e-06
26.2 -68.2665 7.00001e-05 4.79004e-06
26.225 -68.2678 7.00001e-05 4.78919e-06
26.25 -68.2691 7.00001e-05 4.78835e-06
26.275 -68.2705 7.00001e-05 4.78751e-06
26.3 -68.2718 7.00001e-05 4.78667e-06
26.325 -68.2731 7.00001e-05 4.78583e-06
26.35 -68.2745 7.00001e-05 4.785e-06
26.375 -68.2758 7.00001e-05 4.78417e-06
26.4 -68.2771 7e-05 4.78333e-06
26.425 -68.2784 7e-05 4.7825e-06
26.45 -68.2797 7e-05 4.78168e-06
26.475 -68.2811 7e-05 4.78085e-06
26.5 -68.2824 7e-05 4.78003e-06
26.525 -68.2837 7e-05 4.7792e-06
26.55 -68.285 7e-05 4.77838e-06
26.575 -68.2863 7e-05 4.77756e-06
26.6 -68.2876 7e-05 4.77675e-06
26.625 -68.2889 7e-05 4.77593e-06
26.65 -68.2903 7e-05 4.77512e-06
26.675 -68.2916 7e-05 4.7743e-06
26.7 -68.2929 7e-05 4.77349e-06
26.725 -68.2942 7e-05 4.77268e-06
26.75 -68.2955 7e-05 4.77188e-06
26.775 -68.2968 7e-05 4.77107e-06
26.8 -68.2981 7e-05 4.77026e-06
26.825 -68.2994 7e-05 4.76946e-06
26.85 -68.3006 7e-05 4.76866e-06
26.875 -68.3019 7e-05 4.76786e-06
26.9 -68.3032 7e-05 4.76706e-06
26.925 -68.3045 7e-05 4.76626e-06
26.95 -68.3058 7e-05 4.76547e-06
26.975 -68.3071 7e-05 4.76467e-06
27 -68.3084 7e-05 4.76388e-06
27.025 -68.3097 7e-05 4.76309e-06
27.05 -68.3109 7e-05 4.7623e-06
27.075 -68.3122 7e-05 4.76151e-06
27.1 -68.3135 7e-05 4.76072e-06
27.125 -68.3148 7e-05 4.75994e-06
27.15 -68.316 7e-05 4.75915e-06
27.175 -68.3173 7e-05 4.75837e-06
27.2 -68.3186 7e-05 4.75759e-06
27.225 -68.3199 7e-05 4.75681e-06
27.25 -68.3211 7e-05 4.75603e-06
27.275 -68.3224 7e-05 4.75525e-06
27.3 -68.3236 7e-05 4.75447e-06
27.325 -68.3249 7e-05 4.7537e-06
27.35 -68.3262 7e-05 4.75292e-06
27.375 -68.3274 7e-05 4.75215e-06
27.4 -68.3287 7e-05 4.75138e-06
27.425 -68.33 7e-05 4.75061e-06
27.45 -68.3312 7e-05 4.74984e-06
27.475 -68.3325 7e-05 4.74907e-06
27.5 -68.3337 7e-05 4.74831e-06
27.525 -68.335 7e-05 4.74754e-06
27.55 -68.3362 7e-05 4.74678e-06
27.575 -68.3375 7e-05 4.74602e-06
27.6 -68.3387 7e-05 4.74525e-06
27.625 -68.34 7e-05 4.74449e-06
27.65 -68.3412 7e-05 4.74373e-06
27.675 -68.3424 7e-05 4.74298e-06
27.7 -68.3437 7e-05 4.74222e-06
27.725 -68.3449 7e-05 4.74146e-06
27.75 -68.3462 7e-05 4.74071e-06
27.775 -68.3474 7e-05 4.73995e-06
27.8 -68.3486 7e-05 4.7392e-06
27.825 -68.3499 7e-05 4.73845e-06
27.85 -68.3511 7e-05 4.7377e-06
27.875 -68.3523 7e-05 4.73695e-06
27.9 -68.3536 7e-05 4.7362e-06
27.925 -68.3548 7e-05 4.73546e-06
27.95 -68.356 7e-05 4.73471e-06
27.975 -68.3572 7e-05 4.73397e-06
28 -68.3585 7e-05 4.73322e-06
28.025 -68.3597 7e-05 4.73248e-06
28.05 -68.3609 7e-05 4.73174e-06
28.075 -68.3621 7e-05 4.731e-06
28.1 -68.3634 7e-05 4.73026e-06
28.125 -68.3646 7e-05 4.72952e-06
28.15 -68.3658 7e-05 4.72878e-06
28.175 -68.367 7e-05 4.72805e-06
28.2 -68.3682 7e-05 4.72731e-06
28.225 -68.3694 7e-05 4.72658e-06
28.25 -68.3707 7e-05 4.72584e-06
28.275 -68.3719 7e-05 4.72511e-06
28.3 -68.3731 7e-05 4.72438e-06
28.325 -68.3743 7e-05 4.72365e-06
28.35 -68.3755 7e-05 4.72292e-06
28.375 -68.3767 7e-05 4.72219e-06
28.4 -68.3779 7e-05 4.72147e-06
28.425 -68.3791 7e-05 4.72074e-06
28.45 -68.3803 7e-05 4.72001e-06
28.475 -68.3815 7e-05 4.71929e-06
28.5 -68.3827 7e-05 4.71857e-06
28.525 -68.3839 7e-05 4.71784e-06
28.55 -68.3851 7e-05 4.71712e-06
28.575 -68.3863 7e-05 4.7164e-06
28.6 -68.3875 7e-05 4.71568e-06
28.625 -68.3887 7e-05 4.71496e-06
28.65 -68.3899 7e-05 4.71425e-06
28.675 -68.3911 7e-05 4.71353e-06
28.7 -68.3922 7e-05 4.71281e-06
28.725 -68.3934 7e-05 4.7121e-06
28.75 -68.3946 7e-05 4.71138e-06
28.775 -68.3958 7e-05 4.71067e-06
28.8 -68.397 7e-05 4.70996e-06
28.825 -68.3982 7e-05 4.70925e-06
28.85 -68.3994 7e-05 4.70854e-06
28.875 -68.4005 7e-05 4.70783e-06
28.9 -68.4017 7e-05 4.70712e-06
28.925 -68.4029 7e-05 4.70641e-06
28.95 -68.4041 7e-05 4.7057e-06
28.975 -68.4052 7e-05 4.705e-06
29 -68.4064 7e-05 4.70429e-06
29.025 -68.4076 7e-05 4.70359e-06
29.05 -68.4088 7e-05 4.70289e-06
29.075 -68.4099 7e-05 4.70218e-06
29.1 -68.4111 7e-05 4.70148e-06
29.125 -68.4123 7e-05 4.70078e-06
29.15 -68.4134 7e-05 4.70008e-06
29.175 -68.4146 7e-05 4.69938e-06
29.2 -68.4158 7e-05 4.69868e-06
29.225 -68.4169 7e-05 4.69798e-06
29.25 -68.4181 7e-05 4.69729e-06
29.275 -68.4193 7e-05 4.69659e-06
29.3 -68.4204 7e-05 4.6959e-06
29.325 -68.4216 7e-05 4.6952e-06
29.35 -68.4227 7e-05 4.69451e-06
29.375 -68.4239 7e-05 4.69382e-06
29.4 -68.4251 7e-05 4.69312e-06
29.425 -68.4262 7e-05 4.69243e-06
29.45 -68.4274 7e-05 4.69174e-06
29.475 -68.4285 7e-05 4.69105e-06
29.5 -68.4297 7e-05 4.69037e-06
29.525 -68.4308 7e-05 4.68968e-06
29.55 -68.432 7e-05 4.68899e-06
29.575 -68.4331 7e-05 4.6883e-06
29.6 -68.4343 7e-05 4.68762e-06
29.625 -68.4354 7e-05 4.68693e-06
29.65 -68.4366 7e-05 4.68625e-06
29.675 -68.4377 7e-05 4.68557e-06
29.7 -68.4389 7e-05 4.68489e-06
29.725 -68.44 7e-05 4.6842e-06
29.75 -68.4411 7e-05 4.68352e-06
29.775 -68.4423 7e-05 4.68284e-06
29.8 -68.4434 7e-05 4.68216e-06
29.825 -68.4446 7e-05 4.68149e-06
29.85 -68.4457 7e-05 4.68081e-06
29.875 -68.4468 7e-05 4.68013e-06
29.9 -68.448 7e-05 4.67945e-06
29.925 -68.4491 7e-05 4.67878e-06
29.95 -68.4502 7e-05 4.6781e-06
29.975 -68.4514 7e-05 4.67743e-06
