0 -70 7e-05 3.8279e-06
0.025 -70.0001 7e-05 3.82789e-06
0.05 -70.0001 7e-05 3.82788e-06
0.075 -70.0001 7e-05 3.82787e-06
0.1 -70.0002 7e-05 3.82786e-06
0.125 -70.0002 7e-05 3.82785e-06
0.15 -70.0002 7e-05 3.82784e-06
0.175 -70.0002 7e-05 3.82784e-06
0.2 -70.0002 7e-05 3.82783e-06
0.225 -70.0003 7e-05 3.82783e-06
0.25 -70.0003 7e-05 3.82782e-06
0.275 -70.0003 7e-05 3.82781e-06
0.3 -70.0003 7e-05 3.82781e-06
0.325 -70.0003 7e-05 3.8278e-06
0.35 -70.0003 7e-05 3.8278e-06
0.375 -70.0004 7e-05 3.82779e-06
0.4 -70.0004 7e-05 3.82779e-06
0.425 -70.0004 7e-05 3.82778e-06
0.45 -70.0004 7e-05 3.82778e-06
0.475 -70.0004 7e-05 3.82777e-06
0.5 -70.0004 7e-05 3.82777e-06
0.525 -70.0004 7e-05 3.82776e-06
0.55 -70.0004 7e-05 3.82776e-06
0.575 -70.0005 7e-05 3.82775e-06
0.6 -70.0005 7e-05 3.82775e-06
0.625 -70.0005 7e-05 3.82774e-06
0.65 -70.0005 7e-05 3.82774e-06
0.675 -70.0005 7e-05 3.82774e-06
0.7 -70.0005 7e-05 3.82773e-06
0.725 -70.0005 7e-05 3.82773e-06
0.75 -70.0005 7e-05 3.82772e-06
0.775 -70.0005 7e-05 3.82772e-06
0.8 -70.0005 7e-05 3.82771e-06
0.825 -70.0005 7e-05 3.82771e-06
0.85 -70.0006 7e-05 3.8277e-06
0.875 -70.0006 7e-05 3.8277e-06
0.9 -70.0006 7e-05 3.8277e-06
0.925 -70.0006 7e-05 3.82769e-06
0.95 -70.0006 7e-05 3.82769e-06
0.975 -70.0006 7e-05 3.82768e-06
1 -70.0006 7e-05 3.82768e-06
1.025 -70.0006 7e-05 3.82768e-06
1.05 -70.0006 7e-05 3.82767e-06
1.075 -70.0006 7e-05 3.82767e-06
1.1 -70.0006 7e-05 3.82766e-06
1.125 -70.0006 7e-05 3.82766e-06
1.15 -70.0006 7e-05 3.82766e-06
1.175 -70.0007 7e-05 3.82765e-06
1.2 -70.0007 7e-05 3.82765e-06
1.225 -70.0007 7e-05 3.82765e-06
1.25 -70.0007 7e-05 3.82764e-06
1.275 -70.0007 7e-05 3.82764e-06
1.3 -70.0007 7e-05 3.82763e-06
1.325 -70.0007 7e-05 3.82763e-06
1.35 -70.0007 7e-05 3.82763e-06
1.375 -70.0007 7e-05 3.82762e-06
1.4 -70.0007 7e-05 3.82762e-06
1.425 -70.0007 7e-05 3.82762e-06
1.45 -70.0007 7e-05 3.82761e-06
1.475 -70.0007 7e-05 3.82761e-06
1.5 -70.0007 7e-05 3.82761e-06
1.525 -70.0007 7e-05 3.8276e-06
1.55 -70.0008 7e-05 3.8276e-06
1.575 -70.0008 7e-05 3.8276e-06
1.6 -70.0008 7e-05 3.82759e-06
1.625 -70.0008 7e-05 3.82759e-06
1.65 -70.0008 7e-05 3.82759e-06
1.675 -70.0008 7e-05 3.82758e-06
1.7 -70.0008 7e-05 3.82758e-06
1.725 -70.0008 7e-05 3.82758e-06
1.75 -70.0008 7e-05 3.82757e-06
1.775 -70.0008 7e-05 3.82757e-06
1.8 -70.0008 7e-05 3.82757e-06
1.825 -70.0008 7e-05 3.82756e-06
1.85 -70.0008 7e-05 3.82756e-06
1.875 -70.0008 7e-05 3.82756e-06
1.9 -70.0008 7e-05 3.82755e-06
1.925 -70.0008 7e-05 3.82755e-06
1.95 -70.0008 7e-05 3.82755e-06
1.975 -70.0008 7e-05 3.82754e-06
2 -70.0009 7e-05 3.82754e-06
2.025 -70.0009 7e-05 3.82754e-06
2.05 -70.0009 7e-05 3.82754e-06
2.075 -70.0009 7e-05 3.82753e-06
2.1 -70.0009 7e-05 3.82753e-06
2.125 -70.0009 7e-05 3.82753e-06
2.15 -70.0009 7e-05 3.82752e-06
2.175 -70.0009 7e-05 3.82752e-06
2.2 -70.0009 7e-05 3.82752e-06
2.225 -70.0009 7e-05 3.82752e-06
2.25 -70.0009 7e-05 3.82751e-06
2.275 -70.0009 7e-05 3.82751e-06
2.3 -70.0009 7e-05 3.82751e-06
2.325 -70.0009 7e-05 3.8275e-06
2.35 -70.0009 7e-05 3.8275e-06
2.375 -70.0009 7e-05 3.8275e-06
2.4 -70.0009 7e-05 3.8275e-06
2.425 -70.0009 7e-05 3.82749e-06
2.45 -70.0009 7e-05 3.82749e-06
2.475 -70.0009 7e-05 3.82749e-06
2.5 -70.0009 7e-05 3.82749e-06
2.525 -70.001 7e-05 3.82748e-06
2.55 -70.001 7e-05 3.82748e-06
2.575 -70.001 7e-05 3.82748e-06
2.6 -70.001 7e-05 3.82747e-06
2.625 -70.001 7e-05 3.82747e-06
2.65 -70.001 7e-05 3.82747e-06
2.675 -70.001 7e-05 3.82747e-06
2.7 -70.001 7e-05 3.82746e-06
2.725 -70.001 7e-05 3.82746e-06
2.75 -70.001 7e-05 3.82746e-06
2.775 -70.001 7e-05 3.82746e-06
2.8 -70.001 7e-05 3.82745e-06
2.825 -70.001 7e-05 3.82745e-06
2.85 -70.001 7e-05 3.82745e-06
2.875 -70.001 7e-05 3.82745e-06
2.9 -70.001 7e-05 3.82744e-06
2.925 -70.001 7e-05 3.82744e-06
2.95 -70.001 7e-05 3.82744e-06
2.975 -70.001 7e-05 3.82744e-06
3 -70.001 7e-05 3.82743e-06
3.025 -70.001 7e-05 3.82743e-06
3.05 -70.001 7e-05 3.82743e-06
3.075 -70.0011 7e-05 3.82743e-06
3.1 -70.0011 7e-05 3.82742e-06
3.125 -70.0011 7e-05 3.82742e-06
3.15 -70.0011 7e-05 3.82742e-06
3.175 -70.0011 7e-05 3.82742e-06
3.2 -70.0011 7e-05 3.82742e-06
3.225 -70.0011 7e-05 3.82741e-06
3.25 -70.0011 7e-05 3.82741e-06
3.275 -70.0011 7e-05 3.82741e-06
3.3 -70.0011 7e-05 3.82741e-06
3.325 -70.0011 7e-05 3.8274e-06
3.35 -70.0011 7e-05 3.8274e-06
3.375 -70.0011 7e-05 3.8274e-06
3.4 -70.0011 7e-05 3.8274e-06
3.425 -70.0011 7e-05 3.8274e-06
3.45 -70.0011 7e-05 3.82739e-06
3.475 -70.0011 7e-05 3.82739e-06
3.5 -70.0011 7e-05 3.82739e-06
3.525 -70.0011 7e-05 3.82739e-06
3.55 -70.0011 7e-05 3.82738e-06
3.575 -70.0011 7e-05 3.82738e-06
3.6 -70.0011 7e-05 3.82738e-06
3.625 -70.0011 7e-05 3.82738e-06
3.65 -70.0011 7e-05 3.82738e-06
3.675 -70.0011 7e-05 3.82737e-06
3.7 -70.0012 7e-05 3.82737e-06
3.725 -70.0012 7e-05 3.82737e-06
3.75 -70.0012 7e-05 3.82737e-06
3.775 -70.0012 7e-05 3.82736e-06
3.8 -70.0012 7e-05 3.82736e-06
3.825 -70.0012 7e-05 3.82736e-06
3.85 -70.0012 7e-05 3.82736e-06
3.875 -70.0012 7e-05 3.82736e-06
3.9 -70.0012 7e-05 3.82735e-06
3.925 -70.0012 7e-05 3.82735e-06
3.95 -70.0012 7e-05 3.82735e-06
3.975 -70.0012 7e-05 3.82735e-06
4 -70.0012 7e-05 3.82735e-06
4.025 -70.0012 7e-05 3.82734e-06
4.05 -70.0012 7e-05 3.82734e-06
4.075 -70.0012 7e-05 3.82734e-06
4.1 -70.0012 7e-05 3.82734e-06
4.125 -70.0012 7e-05 3.82734e-06
4.15 -70.0012 7e-05 3.82733e-06
4.175 -70.0012 7e-05 3.82733e-06
4.2 -70.0012 7e-05 3.82733e-06
4.225 -70.0012 7e-05 3.82733e-06
4.25 -70.0012 7e-05 3.82733e-06
4.275 -70.0012 7e-05 3.82732e-06
4.3 -70.0012 7e-05 3.82732e-06
4.325 -70.0012 7e-05 3.82732e-06
4.35 -70.0012 7e-05 3.82732e-06
4.375 -70.0013 7e-05 3.82732e-06
4.4 -70.0013 7e-05 3.82731e-06
4.425 -70.0013 7e-05 3.82731e-06
4.45 -70.0013 7e-05 3.82731e-06
4.475 -70.0013 7e-05 3.82731e-06
4.5 -70.0013 7e-05 3.82731e-06
4.525 -70.0013 7e-05 3.8273e-06
4.55 -70.0013 7e-05 3.8273e-06
4.575 -70.0013 7e-05 3.8273e-06
4.6 -70.0013 7e-05 3.8273e-06
4.625 -70.0013 7e-05 3.8273e-06
4.65 -70.0013 7e-05 3.82729e-06
4.675 -70.0013 7e-05 3.82729e-06
4.7 -70.0013 7e-05 3.82729e-06
4.725 -70.0013 7e-05 3.82729e-06
4.75 -70.0013 7e-05 3.82729e-06
4.775 -70.0013 7e-05 3.82729e-06
4.8 -70.0013 7e-05 3.82728e-06
4.825 -70.0013 7e-05 3.82728e-06
4.85 -70.0013 7e-05 3.82728e-06
4.875 -70.0013 7e-05 3.82728e-06
4.9 -70.0013 7e-05 3.82728e-06
4.925 -70.0013 7e-05 3.82727e-06
4.95 -70.0013 7e-05 3.82727e-06
4.975 -70.0013 7e-05 3.82727e-06
5 -70.0013 7e-05 3.82727e-06
5.025 -66.4321 7e-05 4.73803e-06
5.05 -63.7169 7e-05 5.46529e-06
5.075 -61.4318 7e-05 6.12466e-06
5.1 -59.4278 7e-05 6.76019e-06
5.125 -57.6282 7e-05 7.39655e-06
5.15 -55.9857 7e-05 8.05032e-06
5.175 -54.4681 7e-05 8.73394e-06
5.2 -53.0518 7e-05 9.45736e-06
5.225 -51.7187 7e-05 1.02291e-05
5.25 -50.4542 7.00001e-05 1.10569e-05
5.275 -49.2454 7.00001e-05 1.19483e-05
5.3 -48.0808 7.00002e-05 1.29109e-05
5.325 -46.9486 7.00002e-05 1.39533e-05
5.35 -45.8362 7.00004e-05 1.50855e-05
5.375 -44.7297 7.00006e-05 1.632e-05
5.4 -43.6123 7.00008e-05 1.76728e-05
5.425 -42.4632 7.00012e-05 1.91658e-05
5.45 -41.2559 7.00018e-05 2.08289e-05
5.475 -39.955 7.00026e-05 2.27051e-05
5.5 -38.5114 7.00037e-05 2.48579e-05
5.525 -36.8546 7.00053e-05 2.73841e-05
5.55 -34.8779 7.00076e-05 3.0439e-05
5.575 -32.4148 7.00111e-05 3.42829e-05
5.6 -29.1951 7.00167e-05 3.93808e-05
5.625 -24.7773 7.00258e-05 4.66172e-05
5.65 -18.4832 7.00423e-05 5.77916e-05
5.675 -9.54739 7.00757e-05 7.679e-05
5.7 1.96498 7.01576e-05 0.000108633
5.725 13.9968 7.04301e-05 0.000153486
5.75 23.8755 7.17673e-05 0.000213751
5.775 30.6014 7.98278e-05 0.000291395
5.8 34.7723 0.000119622 0.000394149
5.825 37.3575 0.000246854 0.000559283
5.85 39.0389 0.000514168 0.000926322
5.875 40.1779 0.000935653 0.0019914
5.9 40.9305 0.00149201 0.00530928
5.925 41.3325 0.00214746 0.0142467
5.95 41.3557 0.00286393 0.0328355
5.975 40.954 0.00360981 0.0634538
6 40.0933 0.0043638 0.106181
6.025 36.5573 0.00511523 0.156405
6.05 33.7881 0.00586215 0.209602
6.075 31.1159 0.00665957 0.265673
6.1 28.3554 0.00748242 0.322885
6.125 25.4643 0.00832611 0.379302
6.15 22.4548 0.00919206 0.43325
6.175 19.3603 0.0100831 0.483471
6.2 16.2209 0.0110019 0.529128
6.225 13.0757 0.0119496 0.569753
6.25 9.95956 0.0129264 0.605177
6.275 6.90122 0.0139307 0.635447
6.3 3.92212 0.0149595 0.660761
6.325 1.03622 0.0160084 0.681401
6.35 -1.74998 0.0170715 0.697683
6.375 -4.43721 0.0181414 0.709909
6.4 -7.03295 0.0192096 0.718344
6.425 -9.55082 0.0202662 0.723187
6.45 -12.0099 0.0212999 0.724559
6.475 -14.4338 0.0222981 0.722503
6.5 -16.8503 0.0232471 0.716981
6.525 -19.2903 0.0241316 0.707884
6.55 -21.7871 0.0249351 0.695048
6.575 -24.3749 0.0256394 0.678275
6.6 -27.0864 0.0262254 0.657383
6.625 -29.9481 0.0266729 0.632268
6.65 -32.9719 0.0269621 0.603022
6.675 -36.1434 0.0270758 0.570087
6.7 -39.4074 0.0270042 0.534423
6.725 -42.6601 0.0267509 0.497592
6.75 -45.7626 0.0263395 0.461567
6.775 -48.5832 0.0258136 0.428193
6.8 -51.0475 0.0252256 0.398576
6.825 -53.1514 0.0246183 0.372919
6.85 -54.9346 0.0240151 0.350854
6.875 -56.4483 0.0234243 0.331839
6.9 -57.7394 0.0228477 0.31536
6.925 -58.847 0.0222853 0.300978
6.95 -59.8032 0.0217368 0.288332
6.975 -60.6343 0.0212019 0.277119
7 -61.3619 0.0206801 0.267091
7.025 -62.0036 0.0201713 0.258047
7.05 -62.5733 0.019675 0.249824
7.075 -63.0821 0.0191909 0.242296
7.1 -63.5387 0.0187188 0.235359
7.125 -63.9503 0.0182584 0.228931
7.15 -64.3226 0.0178093 0.222945
7.175 -64.6603 0.0173713 0.217343
7.2 -64.9677 0.0169442 0.212078
7.225 -65.248 0.0165275 0.20711
7.25 -65.5041 0.0161212 0.202406
7.275 -65.7384 0.0157249 0.197936
7.3 -65.9532 0.0153384 0.193675
7.325 -66.15 0.0149614 0.189602
7.35 -66.3305 0.0145937 0.185699
7.375 -66.496 0.0142351 0.181951
7.4 -66.6476 0.0138854 0.178343
7.425 -66.7863 0.0135443 0.174862
7.45 -66.9131 0.0132116 0.171499
7.475 -67.0287 0.0128871 0.168244
7.5 -67.1339 0.0125707 0.165088
7.525 -67.2292 0.012262 0.162024
7.55 -67.3152 0.011961 0.159045
7.575 -67.3924 0.0116674 0.156145
7.6 -67.4613 0.0113811 0.153319
7.625 -67.5223 0.0111018 0.150561
7.65 -67.5758 0.0108294 0.147867
7.675 -67.6221 0.0105638 0.145234
7.7 -67.6616 0.0103047 0.142657
7.725 -67.6945 0.010052 0.140132
7.75 -67.7211 0.00980554 0.137657
7.775 -67.7418 0.00956517 0.135228
7.8 -67.7568 0.00933073 0.132843
7.825 -67.7663 0.00910209 0.130498
7.85 -67.7705 0.00887908 0.128192
7.875 -67.7698 0.00866159 0.125921
7.9 -67.7642 0.00844946 0.123685
7.925 -67.7541 0.00824257 0.12148
7.95 -67.7396 0.00804079 0.119304
7.975 -67.721 0.00784399 0.117156
8 -67.6983 0.00765205 0.115035
8.025 -67.6718 0.00746485 0.112938
8.05 -67.6416 0.00728227 0.110863
8.075 -67.608 0.0071042 0.108811
8.1 -67.571 0.00693052 0.106778
8.125 -67.5308 0.00676113 0.104765
8.15 -67.4875 0.00659593 0.102769
8.175 -67.4413 0.0064348 0.100791
8.2 -67.3923 0.00627766 0.0988284
8.225 -67.3405 0.00612439 0.0968813
8.25 -67.2862 0.00597491 0.0949502
8.275 -67.2298 0.00582911 0.0930627
8.3 -67.1718 0.00568692 0.0912156
8.325 -67.1125 0.00554824 0.0894064
8.35 -67.052 0.00541298 0.0876331
8.375 -66.9907 0.00528106 0.0858939
8.4 -66.9288 0.0051524 0.0841874
8.425 -66.8663 0.00502691 0.0825122
8.45 -66.8033 0.00490453 0.0808674
8.475 -66.7402 0.00478516 0.0792518
8.5 -66.6768 0.00466874 0.0776648
8.525 -66.6134 0.0045552 0.0761054
8.55 -66.55 0.00444446 0.0745731
8.575 -66.4867 0.00433646 0.0730673
8.6 -66.4235 0.00423112 0.0715873
8.625 -66.3605 0.00412838 0.0701327
8.65 -66.2979 0.00402818 0.068703
8.675 -66.2356 0.00393045 0.0672979
8.7 -66.1736 0.00383513 0.0659169
8.725 -66.1121 0.00374217 0.0645596
8.75 -66.051 0.00365151 0.0632257
8.775 -65.9904 0.00356308 0.0619149
8.8 -65.9304 0.00347683 0.0606269
8.825 -65.8709 0.00339272 0.0593614
8.85 -65.812 0.00331068 0.0581181
8.875 -65.7537 0.00323067 0.0568967
8.9 -65.696 0.00315263 0.055697
8.925 -65.639 0.00307652 0.0545186
8.95 -65.5826 0.00300229 0.0533614
8.975 -65.527 0.00292989 0.052225
9 -65.4721 0.00285928 0.0511092
9.025 -65.4178 0.00279041 0.0500138
9.05 -65.3643 0.00272324 0.0489385
9.075 -65.3116 0.00265774 0.0478831
9.1 -65.2596 0.00259384 0.0468473
9.125 -65.2084 0.00253153 0.0458308
9.15 -65.1579 0.00247076 0.0448334
9.175 -65.1083 0.00241148 0.0438549
9.2 -65.0594 0.00235367 0.042895
9.225 -65.0114 0.00229729 0.0419534
9.25 -64.9641 0.00224229 0.0410299
9.275 -64.9177 0.00218866 0.0401243
9.3 -64.872 0.00213635 0.0392363
9.325 -64.8272 0.00208533 0.0383656
9.35 -64.7832 0.00203557 0.037512
9.375 -64.7401 0.00198704 0.0366753
9.4 -64.6978 0.00193971 0.0358551
9.425 -64.6563 0.00189355 0.0350513
9.45 -64.6156 0.00184852 0.0342636
9.475 -64.5758 0.00180461 0.0334917
9.5 -64.5368 0.00176178 0.0327354
9.525 -64.4987 0.00172001 0.0319945
9.55 -64.4614 0.00167927 0.0312686
9.575 -64.4249 0.00163954 0.0305576
9.6 -64.3893 0.00160079 0.0298613
9.625 -64.3545 0.00156299 0.0291792
9.65 -64.3206 0.00152613 0.0285114
9.675 -64.2875 0.00149018 0.0278574
9.7 -64.2552 0.00145512 0.027217
9.725 -64.2238 0.00142092 0.0265901
9.75 -64.1932 0.00138756 0.0259764
9.775 -64.1634 0.00135503 0.0253756
9.8 -64.1345 0.0013233 0.0247876
9.825 -64.1064 0.00129236 0.024212
9.85 -64.0791 0.00126218 0.0236488
9.875 -64.0526 0.00123274 0.0230975
9.9 -64.0269 0.00120404 0.0225582
9.925 -64.0021 0.00117604 0.0220304
9.95 -63.978 0.00114873 0.0215141
9.975 -63.9548 0.00112209 0.0210089
10 -63.9324 0.00109612 0.0205147
10.025 -63.9107 0.00107078 0.0200313
10.05 -63.8899 0.00104607 0.0195585
10.075 -63.8698 0.00102197 0.0190961
10.1 -63.8505 0.000998471 0.0186438
10.125 -63.832 0.000975547 0.0182015
10.15 -63.8142 0.000953189 0.0177691
10.175 -63.7972 0.000931383 0.0173462
10.2 -63.781 0.000910115 0.0169327
10.225 -63.7655 0.000889372 0.0165284
10.25 -63.7508 0.000869142 0.0161332
10.275 -63.7368 0.000849411 0.0157469
10.3 -63.7235 0.000830167 0.0153693
10.325 -63.7109 0.000811399 0.0150001
10.35 -63.6991 0.000793094 0.0146393
10.375 -63.6879 0.00077524 0.0142867
10.4 -63.6775 0.000757828 0.0139422
10.425 -63.6677 0.000740845 0.0136054
10.45 -63.6586 0.000724282 0.0132764
10.475 -63.6502 0.000708128 0.0129548
10.5 -63.6425 0.000692372 0.0126407
10.525 -63.6354 0.000677006 0.0123338
10.55 -63.6289 0.000662019 0.0120339
10.575 -63.6231 0.000647402 0.011741
10.6 -63.618 0.000633146 0.0114549
10.625 -63.6134 0.000619242 0.0111754
10.65 -63.6095 0.000605681 0.0109024
10.675 -63.6061 0.000592455 0.0106358
10.7 -63.6034 0.000579555 0.0103754
10.725 -63.6012 0.000566974 0.0101211
10.75 -63.5996 0.000554704 0.0098727
10.775 -63.5986 0.000542737 0.00963019
10.8 -63.5982 0.000531065 0.00939338
10.825 -63.5982 0.000519681 0.00916216
10.85 -63.5989 0.000508578 0.00893641
10.875 -63.6 0.00049775 0.008716
10.9 -63.6017 0.000487189 0.00850081
10.925 -63.6038 0.000476888 0.00829075
10.95 -63.6065 0.000466842 0.00808568
10.975 -63.6097 0.000457044 0.0078855
11 -63.6133 0.000447488 0.00769011
11.025 -63.6174 0.000438168 0.0074994
11.05 -63.622 0.000429078 0.00731325
11.075 -63.627 0.000420212 0.00713158
11.1 -63.6324 0.000411565 0.00695427
11.125 -63.6383 0.000403132 0.00678124
11.15 -63.6446 0.000394907 0.00661238
11.175 -63.6514 0.000386885 0.00644761
11.2 -63.6585 0.000379061 0.00628682
11.225 -63.666 0.00037143 0.00612993
11.25 -63.6739 0.000363988 0.00597684
11.275 -63.6822 0.000356729 0.00582748
11.3 -63.6909 0.00034965 0.00568176
11.325 -63.6999 0.000342745 0.00553958
11.35 -63.7092 0.000336011 0.00540088
11.375 -63.7189 0.000329443 0.00526557
11.4 -63.7289 0.000323038 0.00513357
11.425 -63.7393 0.00031679 0.0050048
11.45 -63.75 0.000310697 0.0048792
11.475 -63.7609 0.000304754 0.00475668
11.5 -63.7722 0.000298958 0.00463717
11.525 -63.7837 0.000293305 0.00452061
11.55 -63.7956 0.000287792 0.00440692
11.575 -63.8077 0.000282414 0.00429603
11.6 -63.8201 0.00027717 0.00418789
11.625 -63.8327 0.000272055 0.00408242
11.65 -63.8456 0.000267066 0.00397956
11.675 -63.8587 0.0002622 0.00387925
11.7 -63.872 0.000257455 0.00378143
11.725 -63.8856 0.000252827 0.00368604
11.75 -63.8994 0.000248313 0.00359302
11.775 -63.9134 0.00024391 0.00350232
11.8 -63.9276 0.000239616 0.00341387
11.825 -63.942 0.000235428 0.00332763
11.85 -63.9566 0.000231344 0.00324354
11.875 -63.9714 0.00022736 0.00316155
11.9 -63.9863 0.000223475 0.00308161
11.925 -64.0014 0.000219686 0.00300367
11.95 -64.0167 0.00021599 0.00292768
11.975 -64.0322 0.000212386 0.0028536
12 -64.0477 0.00020887 0.00278137
12.025 -64.0635 0.000205441 0.00271095
12.05 -64.0793 0.000202097 0.0026423
12.075 -64.0953 0.000198836 0.00257538
12.1 -64.1115 0.000195655 0.00251014
12.125 -64.1277 0.000192552 0.00244654
12.15 -64.1441 0.000189527 0.00238454
12.175 -64.1605 0.000186575 0.0023241
12.2 -64.1771 0.000183697 0.00226519
12.225 -64.1938 0.00018089 0.00220776
12.25 -64.2106 0.000178152 0.00215178
12.275 -64.2274 0.000175482 0.00209721
12.3 -64.2443 0.000172877 0.00204402
12.325 -64.2613 0.000170337 0.00199218
12.35 -64.2784 0.00016786 0.00194165
12.375 -64.2956 0.000165444 0.00189239
12.4 -64.3128 0.000163087 0.00184439
12.425 -64.3301 0.000160789 0.00179759
12.45 -64.3474 0.000158547 0.00175199
12.475 -64.3648 0.000156361 0.00170754
12.5 -64.3822 0.000154229 0.00166421
12.525 -64.3997 0.000152149 0.00162199
12.55 -64.4172 0.000150121 0.00158084
12.575 -64.4347 0.000148143 0.00154073
12.6 -64.4523 0.000146214 0.00150164
12.625 -64.4699 0.000144332 0.00146354
12.65 -64.4875 0.000142497 0.00142641
12.675 -64.5051 0.000140707 0.00139023
12.7 -64.5228 0.000138961 0.00135496
12.725 -64.5404 0.000137258 0.00132059
12.75 -64.5581 0.000135598 0.0012871
12.775 -64.5758 0.000133978 0.00125446
12.8 -64.5934 0.000132398 0.00122265
12.825 -64.6111 0.000130858 0.00119165
12.85 -64.6288 0.000129355 0.00116143
12.875 -64.6465 0.00012789 0.00113199
12.9 -64.6641 0.00012646 0.0011033
12.925 -64.6818 0.000125066 0.00107534
12.95 -64.6994 0.000123707 0.00104809
12.975 -64.717 0.000122381 0.00102154
13 -64.7346 0.000121087 0.000995664
13.025 -64.7522 0.000119826 0.000970448
13.05 -64.7697 0.000118596 0.000945875
13.075 -64.7872 0.000117396 0.000921929
13.1 -64.8047 0.000116226 0.000898594
13.125 -64.8222 0.000115085 0.000875854
13.15 -64.8396 0.000113971 0.000853695
13.175 -64.857 0.000112886 0.000832101
13.2 -64.8743 0.000111827 0.000811058
13.225 -64.8916 0.000110794 0.000790553
13.25 -64.9089 0.000109787 0.000770571
13.275 -64.9261 0.000108805 0.000751099
13.3 -64.9433 0.000107847 0.000732125
13.325 -64.9604 0.000106912 0.000713635
13.35 -64.9775 0.000106001 0.000695617
13.375 -64.9945 0.000105112 0.000678059
13.4 -65.0115 0.000104245 0.00066095
13.425 -65.0284 0.000103399 0.000644278
13.45 -65.0452 0.000102575 0.000628031
13.475 -65.062 0.000101771 0.0006122
13.5 -65.0788 0.000100986 0.000596773
13.525 -65.0955 0.000100221 0.00058174
13.55 -65.1121 9.94749e-05 0.00056709
13.575 -65.1287 9.87472e-05 0.000552816
13.6 -65.1452 9.80374e-05 0.000538905
13.625 -65.1616 9.73451e-05 0.00052535
13.65 -65.178 9.667e-05 0.000512142
13.675 -65.1943 9.60115e-05 0.00049927
13.7 -65.2105 9.53693e-05 0.000486728
13.725 -65.2267 9.47429e-05 0.000474505
13.75 -65.2428 9.4132e-05 0.000462595
13.775 -65.2588 9.35362e-05 0.000450989
13.8 -65.2748 9.29551e-05 0.000439679
13.825 -65.2907 9.23883e-05 0.000428658
13.85 -65.3065 9.18355e-05 0.000417919
13.875 -65.3223 9.12964e-05 0.000407454
13.9 -65.3379 9.07706e-05 0.000397255
13.925 -65.3535 9.02578e-05 0.000387318
13.95 -65.369 8.97576e-05 0.000377633
13.975 -65.3845 8.92698e-05 0.000368196
14 -65.3999 8.8794e-05 0.000359
14.025 -65.4151 8.833e-05 0.000350039
14.05 -65.4304 8.78774e-05 0.000341306
14.075 -65.4455 8.7436e-05 0.000332796
14.1 -65.4606 8.70055e-05 0.000324503
14.125 -65.4755 8.65857e-05 0.000316422
14.15 -65.4904 8.61762e-05 0.000308547
14.175 -65.5053 8.57768e-05 0.000300872
14.2 -65.52 8.53873e-05 0.000293393
14.225 -65.5347 8.50073e-05 0.000286105
14.25 -65.5492 8.46368e-05 0.000279003
14.275 -65.5637 8.42754e-05 0.000272082
14.3 -65.5782 8.3923e-05 0.000265337
14.325 -65.5925 8.35792e-05 0.000258764
14.35 -65.6068 8.32439e-05 0.000252359
14.375 -65.6209 8.29169e-05 0.000246117
14.4 -65.635 8.2598e-05 0.000240033
14.425 -65.649 8.2287e-05 0.000234105
14.45 -65.663 8.19836e-05 0.000228328
14.475 -65.6768 8.16877e-05 0.000222698
14.5 -65.6906 8.13992e-05 0.000217211
14.525 -65.7043 8.11177e-05 0.000211864
14.55 -65.7179 8.08432e-05 0.000206652
14.575 -65.7314 8.05755e-05 0.000201574
14.6 -65.7448 8.03144e-05 0.000196625
14.625 -65.7582 8.00597e-05 0.000191801
14.65 -65.7715 7.98113e-05 0.0001871
14.675 -65.7847 7.95691e-05 0.000182519
14.7 -65.7978 7.93328e-05 0.000178055
14.725 -65.8108 7.91024e-05 0.000173703
14.75 -65.8238 7.88777e-05 0.000169463
14.775 -65.8366 7.86585e-05 0.00016533
14.8 -65.8494 7.84447e-05 0.000161302
14.825 -65.8621 7.82362e-05 0.000157377
14.85 -65.8747 7.80329e-05 0.000153551
14.875 -65.8873 7.78345e-05 0.000149822
14.9 -65.8997 7.76411e-05 0.000146188
14.925 -65.9121 7.74524e-05 0.000142646
14.95 -65.9244 7.72684e-05 0.000139194
14.975 -65.9367 7.7089e-05 0.00013583
15 -65.9488 7.69139e-05 0.000132551
15.025 -65.9609 7.67432e-05 0.000129355
15.05 -65.9728 7.65767e-05 0.000126241
15.075 -65.9847 7.64144e-05 0.000123205
15.1 -65.9966 7.6256e-05 0.000120246
15.125 -66.0083 7.61015e-05 0.000117363
15.15 -66.02 7.59509e-05 0.000114552
15.175 -66.0316 7.5804e-05 0.000111812
15.2 -66.0431 7.56607e-05 0.000109142
15.225 -66.0545 7.55209e-05 0.00010654
15.25 -66.0659 7.53846e-05 0.000104003
15.275 -66.0771 7.52516e-05 0.000101531
15.3 -66.0883 7.5122e-05 9.91212e-05
15.325 -66.0995 7.49955e-05 9.67724e-05
15.35 -66.1105 7.48722e-05 9.4483e-05
15.375 -66.1215 7.47519e-05 9.22515e-05
15.4 -66.1324 7.46346e-05 9.00765e-05
15.425 -66.1432 7.45201e-05 8.79565e-05
15.45 -66.154 7.44085e-05 8.589e-05
15.475 -66.1646 7.42997e-05 8.38758e-05
15.5 -66.1752 7.41935e-05 8.19125e-05
15.525 -66.1858 7.409e-05 7.99988e-05
15.55 -66.1962 7.3989e-05 7.81334e-05
15.575 -66.2066 7.38905e-05 7.63151e-05
15.6 -66.2169 7.37945e-05 7.45428e-05
15.625 -66.2271 7.37008e-05 7.28151e-05
15.65 -66.2373 7.36094e-05 7.11311e-05
15.675 -66.2474 7.35203e-05 6.94895e-05
15.7 -66.2574 7.34334e-05 6.78894e-05
15.725 -66.2674 7.33486e-05 6.63296e-05
15.75 -66.2773 7.32659e-05 6.48091e-05
15.775 -66.2871 7.31853e-05 6.3327e-05
15.8 -66.2968 7.31066e-05 6.18822e-05
15.825 -66.3065 7.30299e-05 6.04738e-05
15.85 -66.3161 7.29551e-05 5.91009e-05
15.875 -66.3256 7.28822e-05 5.77626e-05
15.9 -66.3351 7.2811e-05 5.6458e-05
15.925 -66.3445 7.27416e-05 5.51862e-05
15.95 -66.3538 7.26739e-05 5.39464e-05
15.975 -66.3631 7.26079e-05 5.27378e-05
16 -66.3723 7.25435e-05 5.15596e-05
16.025 -66.3815 7.24807e-05 5.04111e-05
16.05 -66.3905 7.24195e-05 4.92914e-05
16.075 -66.3995 7.23597e-05 4.81999e-05
16.1 -66.4085 7.23015e-05 4.71358e-05
16.125 -66.4174 7.22446e-05 4.60984e-05
16.15 -66.4262 7.21892e-05 4.50871e-05
16.175 -66.4349 7.21352e-05 4.41012e-05
16.2 -66.4436 7.20824e-05 4.31401e-05
16.225 -66.4523 7.2031e-05 4.2203e-05
16.25 -66.4608 7.19809e-05 4.12895e-05
16.275 -66.4693 7.1932e-05 4.0399e-05
16.3 -66.4778 7.18843e-05 3.95307e-05
16.325 -66.4862 7.18378e-05 3.86842e-05
16.35 -66.4945 7.17924e-05 3.7859e-05
16.375 -66.5028 7.17481e-05 3.70544e-05
16.4 -66.511 7.1705e-05 3.627e-05
16.425 -66.5191 7.16629e-05 3.55052e-05
16.45 -66.5272 7.16218e-05 3.47596e-05
16.475 -66.5352 7.15818e-05 3.40327e-05
16.5 -66.5432 7.15427e-05 3.3324e-05
16.525 -66.5511 7.15046e-05 3.2633e-05
16.55 -66.559 7.14675e-05 3.19593e-05
16.575 -66.5668 7.14312e-05 3.13024e-05
16.6 -66.5745 7.13959e-05 3.0662e-05
16.625 -66.5822 7.13614e-05 3.00375e-05
16.65 -66.5899 7.13278e-05 2.94287e-05
16.675 -66.5975 7.1295e-05 2.88351e-05
16.7 -66.605 7.12631e-05 2.82563e-05
16.725 -66.6125 7.12319e-05 2.7692e-05
16.75 -66.6199 7.12015e-05 2.71418e-05
16.775 -66.6273 7.11718e-05 2.66053e-05
16.8 -66.6346 7.11429e-05 2.60822e-05
16.825 -66.6418 7.11147e-05 2.55721e-05
16.85 -66.6491 7.10871e-05 2.50748e-05
16.875 -66.6562 7.10603e-05 2.45898e-05
16.9 -66.6633 7.10341e-05 2.4117e-05
16.925 -66.6704 7.10086e-05 2.36559e-05
16.95 -66.6774 7.09837e-05 2.32063e-05
16.975 -66.6844 7.09594e-05 2.27679e-05
17 -66.6913 7.09357e-05 2.23405e-05
17.025 -66.6981 7.09126e-05 2.19236e-05
17.05 -66.705 7.08901e-05 2.15172e-05
17.075 -66.7117 7.08681e-05 2.11208e-05
17.1 -66.7185 7.08467e-05 2.07343e-05
17.125 -66.7251 7.08258e-05 2.03574e-05
17.15 -66.7318 7.08054e-05 1.99899e-05
17.175 -66.7383 7.07855e-05 1.96315e-05
17.2 -66.7449 7.07661e-05 1.9282e-05
17.225 -66.7514 7.07472e-05 1.89412e-05
17.25 -66.7578 7.07287e-05 1.86089e-05
17.275 -66.7642 7.07107e-05 1.82848e-05
17.3 -66.7706 7.06932e-05 1.79687e-05
17.325 -66.7769 7.06761e-05 1.76605e-05
17.35 -66.7831 7.06594e-05 1.73599e-05
17.375 -66.7893 7.06431e-05 1.70667e-05
17.4 -66.7955 7.06272e-05 1.67808e-05
17.425 -66.8017 7.06117e-05 1.6502e-05
17.45 -66.8078 7.05966e-05 1.62301e-05
17.475 -66.8138 7.05819e-05 1.5965e-05
17.5 -66.8198 7.05675e-05 1.57064e-05
17.525 -66.8258 7.05535e-05 1.54541e-05
17.55 -66.8317 7.05399e-05 1.52082e-05
17.575 -66.8376 7.05265e-05 1.49682e-05
17.6 -66.8435 7.05135e-05 1.47343e-05
17.625 -66.8493 7.05009e-05 1.45061e-05
17.65 -66.855 7.04885e-05 1.42835e-05
17.675 -66.8608 7.04764e-05 1.40664e-05
17.7 -66.8665 7.04647e-05 1.38547e-05
17.725 -66.8721 7.04532e-05 1.36482e-05
17.75 -66.8777 7.0442e-05 1.34468e-05
17.775 -66.8833 7.04311e-05 1.32503e-05
17.8 -66.8888 7.04204e-05 1.30587e-05
17.825 -66.8943 7.04101e-05 1.28718e-05
17.85 -66.8998 7.03999e-05 1.26895e-05
17.875 -66.9052 7.03901e-05 1.25117e-05
17.9 -66.9106 7.03804e-05 1.23383e-05
17.925 -66.916 7.0371e-05 1.21691e-05
17.95 -66.9213 7.03619e-05 1.20041e-05
17.975 -66.9266 7.03529e-05 1.18431e-05
18 -66.9318 7.03442e-05 1.16861e-05
18.025 -66.937 7.03357e-05 1.15329e-05
18.05 -66.9422 7.03274e-05 1.13835e-05
18.075 -66.9474 7.03194e-05 1.12377e-05
18.1 -66.9525 7.03115e-05 1.10956e-05
18.125 -66.9576 7.03038e-05 1.09568e-05
18.15 -66.9626 7.02963e-05 1.08215e-05
18.175 -66.9676 7.0289e-05 1.06895e-05
18.2 -66.9726 7.02818e-05 1.05608e-05
18.225 -66.9776 7.02749e-05 1.04352e-05
18.25 -66.9825 7.02681e-05 1.03126e-05
18.275 -66.9874 7.02615e-05 1.0193e-05
18.3 -66.9922 7.0255e-05 1.00764e-05
18.325 -66.9971 7.02487e-05 9.96259e-06
18.35 -67.0018 7.02426e-05 9.85156e-06
18.375 -67.0066 7.02366e-05 9.74323e-06
18.4 -67.0113 7.02307e-05 9.63755e-06
18.425 -67.0161 7.0225e-05 9.53443e-06
18.45 -67.0207 7.02195e-05 9.43382e-06
18.475 -67.0254 7.02141e-05 9.33566e-06
18.5 -67.03 7.02088e-05 9.23988e-06
18.525 -67.0346 7.02036e-05 9.14643e-06
18.55 -67.0391 7.01986e-05 9.05524e-06
18.575 -67.0437 7.01937e-05 8.96627e-06
18.6 -67.0482 7.01889e-05 8.87945e-06
18.625 -67.0526 7.01843e-05 8.79473e-06
18.65 -67.0571 7.01797e-05 8.71206e-06
18.675 -67.0615 7.01753e-05 8.6314e-06
18.7 -67.0659 7.01709e-05 8.55268e-06
18.725 -67.0703 7.01667e-05 8.47586e-06
18.75 -67.0746 7.01626e-05 8.40089e-06
18.775 -67.0789 7.01586e-05 8.32774e-06
18.8 -67.0832 7.01547e-05 8.25634e-06
18.825 -67.0875 7.01509e-05 8.18667e-06
18.85 -67.0917 7.01471e-05 8.11867e-06
18.875 -67.0959 7.01435e-05 8.05231e-06
18.9 -67.1001 7.014e-05 7.98754e-06
18.925 -67.1043 7.01365e-05 7.92432e-06
18.95 -67.1084 7.01331e-05 7.86262e-06
18.975 -67.1125 7.01298e-05 7.8024e-06
19 -67.1166 7.01266e-05 7.74363e-06
19.025 -67.1207 7.01235e-05 7.68626e-06
19.05 -67.1247 7.01205e-05 7.63026e-06
19.075 -67.1287 7.01175e-05 7.5756e-06
19.1 -67.1327 7.01146e-05 7.52224e-06
19.125 -67.1367 7.01118e-05 7.47015e-06
19.15 -67.1406 7.0109e-05 7.41931e-06
19.175 -67.1446 7.01063e-05 7.36967e-06
19.2 -67.1485 7.01037e-05 7.32122e-06
19.225 -67.1523 7.01011e-05 7.27392e-06
19.25 -67.1562 7.00986e-05 7.22774e-06
19.275 -67.16 7.00962e-05 7.18265e-06
19.3 -67.1639 7.00938e-05 7.13863e-06
19.325 -67.1676 7.00915e-05 7.09566e-06
19.35 -67.1714 7.00892e-05 7.0537e-06
19.375 -67.1752 7.0087e-05 7.01273e-06
19.4 -67.1789 7.00849e-05 6.97272e-06
19.425 -67.1826 7.00828e-05 6.93366e-06
19.45 -67.1863 7.00808e-05 6.89552e-06
19.475 -67.19 7.00788e-05 6.85827e-06
19.5 -67.1936 7.00768e-05 6.8219e-06
19.525 -67.1973 7.00749e-05 6.78638e-06
19.55 -67.2009 7.00731e-05 6.7517e-06
19.575 -67.2045 7.00713e-05 6.71782e-06
19.6 -67.208 7.00695e-05 6.68474e-06
19.625 -67.2116 7.00678e-05 6.65242e-06
19.65 -67.2151 7.00661e-05 6.62086e-06
19.675 -67.2186 7.00645e-05 6.59004e-06
19.7 -67.2221 7.00629e-05 6.55993e-06
19.725 -67.2256 7.00613e-05 6.53052e-06
19.75 -67.2291 7.00598e-05 6.50179e-06
19.775 -67.2325 7.00583e-05 6.47373e-06
19.8 -67.236 7.00569e-05 6.44631e-06
19.825 -67.2394 7.00555e-05 6.41953e-06
19.85 -67.2428 7.00541e-05 6.39336e-06
19.875 -67.2461 7.00528e-05 6.3678e-06
19.9 -67.2495 7.00515e-05 6.34282e-06
19.925 -67.2528 7.00502e-05 6.31842e-06
19.95 -67.2561 7.0049e-05 6.29457e-06
19.975 -67.2595 7.00478e-05 6.27127e-06
20 -67.2627 7.00466e-05 6.2485e-06
20.025 -67.266 7.00454e-05 6.22625e-06
20.05 -67.2693 7.00443e-05 6.20451e-06
20.075 -67.2725 7.00432e-05 6.18326e-06
20.1 -67.2757 7.00422e-05 6.16249e-06
20.125 -67.2789 7.00411e-05 6.14219e-06
20.15 -67.2821 7.00401e-05 6.12234e-06
20.175 -67.2853 7.00391e-05 6.10295e-06
20.2 -67.2885 7.00381e-05 6.08399e-06
20.225 -67.2916 7.00372e-05 6.06546e-06
20.25 -67.2948 7.00363e-05 6.04734e-06
20.275 -67.2979 7.00354e-05 6.02963e-06
20.3 -67.301 7.00345e-05 6.01231e-06
20.325 -67.3041 7.00337e-05 5.99537e-06
20.35 -67.3071 7.00328e-05 5.97882e-06
20.375 -67.3102 7.0032e-05 5.96263e-06
20.4 -67.3133 7.00312e-05 5.94679e-06
20.425 -67.3163 7.00305e-05 5.93131e-06
20.45 -67.3193 7.00297e-05 5.91617e-06
20.475 -67.3223 7.0029e-05 5.90136e-06
20.5 -67.3253 7.00283e-05 5.88687e-06
20.525 -67.3283 7.00276e-05 5.8727e-06
20.55 -67.3312 7.00269e-05 5.85884e-06
20.575 -67.3342 7.00262e-05 5.84528e-06
20.6 -67.3371 7.00256e-05 5.83202e-06
20.625 -67.3401 7.00249e-05 5.81904e-06
20.65 -67.343 7.00243e-05 5.80634e-06
20.675 -67.3459 7.00237e-05 5.79392e-06
20.7 -67.3487 7.00231e-05 5.78176e-06
20.725 -67.3516 7.00226e-05 5.76986e-06
20.75 -67.3545 7.0022e-05 5.75821e-06
20.775 -67.3573 7.00215e-05 5.74681e-06
20.8 -67.3602 7.00209e-05 5.73566e-06
20.825 -67.363 7.00204e-05 5.72473e-06
20.85 -67.3658 7.00199e-05 5.71404e-06
20.875 -67.3686 7.00194e-05 5.70358e-06
20.9 -67.3714 7.00189e-05 5.69333e-06
20.925 -67.3742 7.00185e-05 5.6833e-06
20.95 -67.3769 7.0018e-05 5.67347e-06
20.975 -67.3797 7.00176e-05 5.66385e-06
21 -67.3824 7.00171e-05 5.65443e-06
21.025 -67.3852 7.00167e-05 5.6452e-06
21.05 -67.3879 7.00163e-05 5.63616e-06
21.075 -67.3906 7.00159e-05 5.6273e-06
21.1 -67.3933 7.00155e-05 5.61863e-06
21.125 -67.396 7.00151e-05 5.61013e-06
21.15 -67.3987 7.00148e-05 5.6018e-06
21.175 -67.4013 7.00144e-05 5.59364e-06
21.2 -67.404 7.0014e-05 5.58564e-06
21.225 -67.4066 7.00137e-05 5.57781e-06
21.25 -67.4093 7.00134e-05 5.57013e-06
21.275 -67.4119 7.0013e-05 5.5626e-06
21.3 -67.4145 7.00127e-05 5.55522e-06
21.325 -67.4171 7.00124e-05 5.54798e-06
21.35 -67.4197 7.00121e-05 5.54089e-06
21.375 -67.4223 7.00118e-05 5.53393e-06
21.4 -67.4249 7.00115e-05 5.52711e-06
21.425 -67.4274 7.00112e-05 5.52042e-06
21.45 -67.43 7.00109e-05 5.51386e-06
21.475 -67.4325 7.00107e-05 5.50742e-06
21.5 -67.4351 7.00104e-05 5.50111e-06
21.525 -67.4376 7.00101e-05 5.49492e-06
21.55 -67.4401 7.00099e-05 5.48884e-06
21.575 -67.4426 7.00096e-05 5.48287e-06
21.6 -67.4451 7.00094e-05 5.47702e-06
21.625 -67.4476 7.00092e-05 5.47128e-06
21.65 -67.4501 7.0009e-05 5.46564e-06
21.675 -67.4526 7.00087e-05 5.4601e-06
21.7 -67.4551 7.00085e-05 5.45467e-06
21.725 -67.4575 7.00083e-05 5.44933e-06
21.75 -67.46 7.00081e-05 5.44409e-06
21.775 -67.4624 7.00079e-05 5.43895e-06
21.8 -67.4648 7.00077e-05 5.4339e-06
21.825 -67.4673 7.00075e-05 5.42893e-06
21.85 -67.4697 7.00073e-05 5.42406e-06
21.875 -67.4721 7.00071e-05 5.41927e-06
21.9 -67.4745 7.0007e-05 5.41456e-06
21.925 -67.4769 7.00068e-05 5.40993e-06
21.95 -67.4793 7.00066e-05 5.40539e-06
21.975 -67.4816 7.00065e-05 5.40092e-06
22 -67.484 7.00063e-05 5.39652e-06
22.025 -67.4864 7.00062e-05 5.39221e-06
22.05 -67.4887 7.0006e-05 5.38796e-06
22.075 -67.491 7.00059e-05 5.38378e-06
22.1 -67.4934 7.00057e-05 5.37968e-06
22.125 -67.4957 7.00056e-05 5.37564e-06
22.15 -67.498 7.00054e-05 5.37166e-06
22.175 -67.5004 7.00053e-05 5.36776e-06
22.2 -67.5027 7.00052e-05 5.36391e-06
22.225 -67.505 7.0005e-05 5.36012e-06
22.25 -67.5073 7.00049e-05 5.3564e-06
22.275 -67.5095 7.00048e-05 5.35273e-06
22.3 -67.5118 7.00047e-05 5.34912e-06
22.325 -67.5141 7.00046e-05 5.34557e-06
22.35 -67.5164 7.00044e-05 5.34207e-06
22.375 -67.5186 7.00043e-05 5.33863e-06
22.4 -67.5209 7.00042e-05 5.33523e-06
22.425 -67.5231 7.00041e-05 5.33189e-06
22.45 -67.5253 7.0004e-05 5.3286e-06
22.475 -67.5276 7.00039e-05 5.32536e-06
22.5 -67.5298 7.00038e-05 5.32216e-06
22.525 -67.532 7.00037e-05 5.31901e-06
22.55 -67.5342 7.00036e-05 5.3159e-06
22.575 -67.5364 7.00036e-05 5.31284e-06
22.6 -67.5386 7.00035e-05 5.30983e-06
22.625 -67.5408 7.00034e-05 5.30685e-06
22.65 -67.543 7.00033e-05 5.30392e-06
22.675 -67.5452 7.00032e-05 5.30103e-06
22.7 -67.5474 7.00031e-05 5.29817e-06
22.725 -67.5495 7.00031e-05 5.29536e-06
22.75 -67.5517 7.0003e-05 5.29258e-06
22.775 -67.5538 7.00029e-05 5.28984e-06
22.8 -67.556 7.00028e-05 5.28714e-06
22.825 -67.5581 7.00028e-05 5.28447e-06
22.85 -67.5603 7.00027e-05 5.28183e-06
22.875 -67.5624 7.00026e-05 5.27923e-06
22.9 -67.5645 7.00026e-05 5.27666e-06
22.925 -67.5667 7.00025e-05 5.27413e-06
22.95 -67.5688 7.00024e-05 5.27162e-06
22.975 -67.5709 7.00024e-05 5.26915e-06
23 -67.573 7.00023e-05 5.26671e-06
23.025 -67.5751 7.00023e-05 5.26429e-06
23.05 -67.5772 7.00022e-05 5.26191e-06
23.075 -67.5793 7.00022e-05 5.25955e-06
23.1 -67.5814 7.00021e-05 5.25722e-06
23.125 -67.5834 7.00021e-05 5.25492e-06
23.15 -67.5855 7.0002e-05 5.25264e-06
23.175 -67.5876 7.0002e-05 5.25039e-06
23.2 -67.5896 7.00019e-05 5.24817e-06
23.225 -67.5917 7.00019e-05 5.24596e-06
23.25 -67.5937 7.00018e-05 5.24379e-06
23.275 -67.5958 7.00018e-05 5.24163e-06
23.3 -67.5978 7.00017e-05 5.2395e-06
23.325 -67.5999 7.00017e-05 5.2374e-06
23.35 -67.6019 7.00016e-05 5.23531e-06
23.375 -67.6039 7.00016e-05 5.23325e-06
23.4 -67.6059 7.00016e-05 5.2312e-06
23.425 -67.608 7.00015e-05 5.22918e-06
23.45 -67.61 7.00015e-05 5.22718e-06
23.475 -67.612 7.00014e-05 5.2252e-06
23.5 -67.614 7.00014e-05 5.22323e-06
23.525 -67.616 7.00014e-05 5.22129e-06
23.55 -67.618 7.00013e-05 5.21936e-06
23.575 -67.62 7.00013e-05 5.21746e-06
23.6 -67.6219 7.00013e-05 5.21557e-06
23.625 -67.6239 7.00012e-05 5.2137e-06
23.65 -67.6259 7.00012e-05 5.21184e-06
23.675 -67.6279 7.00012e-05 5.21e-06
23.7 -67.6298 7.00012e-05 5.20818e-06
23.725 -67.6318 7.00011e-05 5.20637e-06
23.75 -67.6338 7.00011e-05 5.20458e-06
23.775 -67.6357 7.00011e-05 5.20281e-06
23.8 -67.6377 7.0001e-05 5.20105e-06
23.825 -67.6396 7.0001e-05 5.1993e-06
23.85 -67.6415 7.0001e-05 5.19757e-06
23.875 -67.6435 7.0001e-05 5.19585e-06
23.9 -67.6454 7.00009e-05 5.19415e-06
23.925 -67.6473 7.00009e-05 5.19246e-06
23.95 -67.6493 7.00009e-05 5.19079e-06
23.975 -67.6512 7.00009e-05 5.18912e-06
24 -67.6531 7.00009e-05 5.18747e-06
24.025 -67.655 7.00008e-05 5.18583e-06
24.05 -67.6569 7.00008e-05 5.18421e-06
24.075 -67.6588 7.00008e-05 5.18259e-06
24.1 -67.6607 7.00008e-05 5.18099e-06
24.125 -67.6626 7.00008e-05 5.1794e-06
24.15 -67.6645 7.00007e-05 5.17782e-06
24.175 -67.6664 7.00007e-05 5.17625e-06
24.2 -67.6683 7.00007e-05 5.17469e-06
24.225 -67.6702 7.00007e-05 5.17315e-06
24.25 -67.672 7.00007e-05 5.17161e-06
24.275 -67.6739 7.00007e-05 5.17008e-06
24.3 -67.6758 7.00006e-05 5.16857e-06
24.325 -67.6777 7.00006e-05 5.16706e-06
24.35 -67.6795 7.00006e-05 5.16556e-06
24.375 -67.6814 7.00006e-05 5.16407e-06
24.4 -67.6832 7.00006e-05 5.1626e-06
24.425 -67.6851 7.00006e-05 5.16113e-06
24.45 -67.6869 7.00005e-05 5.15967e-06
24.475 -67.6888 7.00005e-05 5.15821e-06
24.5 -67.6906 7.00005e-05 5.15677e-06
24.525 -67.6925 7.00005e-05 5.15534e-06
24.55 -67.6943 7.00005e-05 5.15391e-06
24.575 -67.6961 7.00005e-05 5.15249e-06
24.6 -67.6979 7.00005e-05 5.15108e-06
24.625 -67.6998 7.00005e-05 5.14968e-06
24.65 -67.7016 7.00005e-05 5.14828e-06
24.675 -67.7034 7.00004e-05 5.14689e-06
24.7 -67.7052 7.00004e-05 5.14551e-06
24.725 -67.707 7.00004e-05 5.14414e-06
24.75 -67.7088 7.00004e-05 5.14277e-06
24.775 -67.7107 7.00004e-05 5.14142e-06
24.8 -67.7125 7.00004e-05 5.14006e-06
24.825 -67.7143 7.00004e-05 5.13872e-06
24.85 -67.716 7.00004e-05 5.13738e-06
24.875 -67.7178 7.00004e-05 5.13605e-06
24.9 -67.7196 7.00004e-05 5.13472e-06
24.925 -67.7214 7.00003e-05 5.1334e-06
24.95 -67.7232 7.00003e-05 5.13209e-06
24.975 -67.725 7.00003e-05 5.13078e-06
25 -67.7268 7.00003e-05 5.12948e-06
25.025 -67.7285 7.00003e-05 5.12818e-06
25.05 -67.7303 7.00003e-05 5.12689e-06
25.075 -67.7321 7.00003e-05 5.12561e-06
25.1 -67.7338 7.00003e-05 5.12433e-06
25.125 -67.7356 7.00003e-05 5.12306e-06
25.15 -67.7374 7.00003e-05 5.12179e-06
25.175 -67.7391 7.00003e-05 5.12053e-06
25.2 -67.7409 7.00003e-05 5.11927e-06
25.225 -67.7426 7.00003e-05 5.11802e-06
25.25 -67.7444 7.00002e-05 5.11677e-06
25.275 -67.7461 7.00002e-05 5.11553e-06
25.3 -67.7478 7.00002e-05 5.11429e-06
25.325 -67.7496 7.00002e-05 5.11305e-06
25.35 -67.7513 7.00002e-05 5.11183e-06
25.375 -67.7531 7.00002e-05 5.1106e-06
25.4 -67.7548 7.00002e-05 5.10938e-06
25.425 -67.7565 7.00002e-05 5.10817e-06
25.45 -67.7582 7.00002e-05 5.10696e-06
25.475 -67.76 7.00002e-05 5.10575e-06
25.5 -67.7617 7.00002e-05 5.10455e-06
25.525 -67.7634 7.00002e-05 5.10335e-06
25.55 -67.7651 7.00002e-05 5.10216e-06
25.575 -67.7668 7.00002e-05 5.10097e-06
25.6 -67.7685 7.00002e-05 5.09979e-06
25.625 -67.7702 7.00002e-05 5.09861e-06
25.65 -67.772 7.00002e-05 5.09743e-06
25.675 -67.7737 7.00002e-05 5.09626e-06
25.7 -67.7754 7.00002e-05 5.09509e-06
25.725 -67.777 7.00002e-05 5.09392e-06
25.75 -67.7787 7.00002e-05 5.09276e-06
25.775 -67.7804 7.00001e-05 5.0916e-06
25.8 -67.7821 7.00001e-05 5.09044e-06
25.825 -67.7838 7.00001e-05 5.08929e-06
25.85 -67.7855 7.00001e-05 5.08815e-06
25.875 -67.7872 7.00001e-05 5.087e-06
25.9 -67.7889 7.00001e-05 5.08586e-06
25.925 -67.7905 7.00001e-05 5.08472e-06
25.95 -67.7922 7.00001e-05 5.08359e-06
25.975 -67.7939 7.00001e-05 5.08246e-06
26 -67.7956 7.00001e-05 5.08133e-06
26.025 -67.7972 7.00001e-05 5.0802e-06
26.05 -67.7989 7.00001e-05 5.07908e-06
26.075 -67.8005 7.00001e-05 5.07796e-06
26.1 -67.8022 7.00001e-05 5.07685e-06
26.125 -67.8039 7.00001e-05 5.07573e-06
26.15 -67.8055 7.00001e-05 5.07462e-06
26.175 -67.8072 7.00001e-05 5.07352e-06
26.2 -67.8088 7.00001e-05 5.07241e-06
26.225 -67.8105 7.00001e-05 5.07131e-06
26.25 -67.8121 7.00001e-05 5.07021e-06
26.275 -67.8138 7.00001e-05 5.06912e-06
26.3 -67.8154 7.00001e-05 5.06802e-06
26.325 -67.8171 7.00001e-05 5.06693e-06
26.35 -67.8187 7.00001e-05 5.06585e-06
26.375 -67.8203 7.00001e-05 5.06476e-06
26.4 -67.822 7.00001e-05 5.06368e-06
26.425 -67.8236 7.00001e-05 5.0626e-06
26.45 -67.8252 7.00001e-05 5.06152e-06
26.475 -67.8269 7.00001e-05 5.06045e-06
26.5 -67.8285 7.00001e-05 5.05937e-06
26.525 -67.8301 7.00001e-05 5.0583e-06
26.55 -67.8317 7.00001e-05 5.05724e-06
26.575 -67.8333 7.00001e-05 5.05617e-06
26.6 -67.835 7.00001e-05 5.05511e-06
26.625 -67.8366 7.00001e-05 5.05405e-06
26.65 -67.8382 7.00001e-05 5.05299e-06
26.675 -67.8398 7.00001e-05 5.05193e-06
26.7 -67.8414 7.00001e-05 5.05088e-06
26.725 -67.843 7.00001e-05 5.04983e-06
26.75 -67.8446 7.00001e-05 5.04878e-06
26.775 -67.8462 7.00001e-05 5.04773e-06
26.8 -67.8478 7.00001e-05 5.04669e-06
26.825 -67.8494 7.00001e-05 5.04565e-06
26.85 -67.851 7.00001e-05 5.04461e-06
26.875 -67.8526 7.00001e-05 5.04357e-06
26.9 -67.8542 7.00001e-05 5.04253e-06
26.925 -67.8558 7.00001e-05 5.0415e-06
26.95 -67.8574 7e-05 5.04047e-06
26.975 -67.859 7e-05 5.03944e-06
27 -67.8606 7e-05 5.03841e-06
27.025 -67.8621 7e-05 5.03738e-06
27.05 -67.8637 7e-05 5.03636e-06
27.075 -67.8653 7e-05 5.03533e-06
27.1 -67.8669 7e-05 5.03431e-06
27.125 -67.8685 7e-05 5.0333e-06
27.15 -67.87 7e-05 5.03228e-06
27.175 -67.8716 7e-05 5.03127e-06
27.2 -67.8732 7e-05 5.03025e-06
27.225 -67.8747 7e-05 5.02924e-06
27.25 -67.8763 7e-05 5.02823e-06
27.275 -67.8779 7e-05 5.02723e-06
27.3 -67.8794 7e-05 5.02622e-06
27.325 -67.881 7e-05 5.02522e-06
27.35 -67.8826 7e-05 5.02421e-06
27.375 -67.8841 7e-05 5.02321e-06
27.4 -67.8857 7e-05 5.02221e-06
27.425 -67.8872 7e-05 5.02122e-06
27.45 -67.8888 7e-05 5.02022e-06
27.475 -67.8903 7e-05 5.01923e-06
27.5 -67.8919 7e-05 5.01824e-06
27.525 -67.8934 7e-05 5.01725e-06
27.55 -67.895 7e-05 5.01626e-06
27.575 -67.8965 7e-05 5.01527e-06
27.6 -67.898 7e-05 5.01429e-06
27.625 -67.8996 7e-05 5.0133e-06
27.65 -67.9011 7e-05 5.01232e-06
27.675 -67.9027 7e-05 5.01134e-06
27.7 -67.9042 7e-05 5.01036e-06
27.725 -67.9057 7e-05 5.00938e-06
27.75 -67.9073 7e-05 5.00841e-06
27.775 -67.9088 7e-05 5.00743e-06
27.8 -67.9103 7e-05 5.00646e-06
27.825 -67.9118 7e-05 5.00549e-06
27.85 -67.9134 7e-05 5.00452e-06
27.875 -67.9149 7e-05 5.00355e-06
27.9 -67.9164 7e-05 5.00259e-06
27.925 -67.9179 7e-05 5.00162e-06
27.95 -67.9195 7e-05 5.00066e-06
27.975 -67.921 7e-05 4.99969e-06
28 -67.9225 7e-05 4.99873e-06
28.025 -67.924 7e-05 4.99777e-06
28.05 -67.9255 7e-05 4.99682e-06
28.075 -67.927 7e-05 4.99586e-06
28.1 -67.9285 7e-05 4.9949e-06
28.125 -67.93 7e-05 4.99395e-06
28.15 -67.9315 7e-05 4.993e-06
28.175 -67.933 7e-05 4.99205e-06
28.2 -67.9345 7e-05 4.9911e-06
28.225 -67.936 7e-05 4.99015e-06
28.25 -67.9375 7e-05 4.9892e-06
28.275 -67.939 7e-05 4.98825e-06
28.3 -67.9405 7e-05 4.98731e-06
28.325 -67.942 7e-05 4.98637e-06
28.35 -67.9435 7e-05 4.98543e-06
28.375 -67.945 7e-05 4.98448e-06
28.4 -67.9465 7e-05 4.98355e-06
28.425 -67.948 7e-05 4.98261e-06
28.45 -67.9495 7e-05 4.98167e-06
28.475 -67.951 7e-05 4.98074e-06
28.5 -67.9524 7e-05 4.9798e-06
28.525 -67.9539 7e-05 4.97887e-06
28.55 -67.9554 7e-05 4.97794e-06
28.575 -67.9569 7e-05 4.97701e-06
28.6 -67.9584 7e-05 4.97608e-06
28.625 -67.9598 7e-05 4.97515e-06
28.65 -67.9613 7e-05 4.97422e-06
28.675 -67.9628 7e-05 4.9733e-06
28.7 -67.9643 7e-05 4.97237e-06
28.725 -67.9657 7e-05 4.97145e-06
28.75 -67.9672 7e-05 4.97053e-06
28.775 -67.9687 7e-05 4.96961e-06
28.8 -67.9701 7e-05 4.96869e-06
28.825 -67.9716 7e-05 4.96777e-06
28.85 -67.9731 7e-05 4.96685e-06
28.875 -67.9745 7e-05 4.96594e-06
28.9 -67.976 7e-05 4.96502e-06
28.925 -67.9774 7e-05 4.96411e-06
28.95 -67.9789 7e-05 4.9632e-06
28.975 -67.9804 7e-05 4.96229e-06
29 -67.9818 7e-05 4.96137e-06
29.025 -67.9833 7e-05 4.96047e-06
29.05 -67.9847 7e-05 4.95956e-06
29.075 -67.9862 7e-05 4.95865e-06
29.1 -67.9876 7e-05 4.95775e-06
29.125 -67.9891 7e-05 4.95684e-06
29.15 -67.9905 7e-05 4.95594e-06
29.175 -67.992 7e-05 4.95504e-06
29.2 -67.9934 7e-05 4.95413e-06
29.225 -67.9948 7e-05 4.95323e-06
29.25 -67.9963 7e-05 4.95233e-06
29.275 -67.9977 7e-05 4.95144e-06
29.3 -67.9992 7e-05 4.95054e-06
29.325 -68.0006 7e-05 4.94964e-06
29.35 -68.002 7e-05 4.94875e-06
29.375 -68.0035 7e-05 4.94786e-06
29.4 -68.0049 7e-05 4.94696e-06
29.425 -68.0063 7e-05 4.94607e-06
29.45 -68.0078 7e-05 4.94518e-06
29.475 -68.0092 7e-05 4.94429e-06
29.5 -68.0106 7e-05 4.9434e-06
29.525 -68.012 7e-05 4.94252e-06
29.55 -68.0135 7e-05 4.94163e-06
29.575 -68.0149 7e-05 4.94074e-06
29.6 -68.0163 7e-05 4.93986e-06
29.625 -68.0177 7e-05 4.93898e-06
29.65 -68.0191 7e-05 4.93809e-06
29.675 -68.0206 7e-05 4.93721e-06
29.7 -68.022 7e-05 4.93633e-06
29.725 -68.0234 7e-05 4.93545e-06
29.75 -68.0248 7e-05 4.93458e-06
29.775 -68.0262 7e-05 4.9337e-06
29.8 -68.0276 7e-05 4.93282e-06
29.825 -68.029 7e-05 4.93195e-06
29.85 -68.0305 7e-05 4.93107e-06
29.875 -68.0319 7e-05 4.9302e-06
29.9 -68.0333 7e-05 4.92933e-06
29.925 -68.0347 7e-05 4.92846e-06
29.95 -68.0361 7e-05 4.92759e-06
29.975 -68.0375 7e-05 4.92672e-06
