0 -70 7e-05 3.74149e-11
0.025 -70 7e-05 3.7415e-11
0.05 -70 7e-05 3.7415e-11
0.075 -70 7e-05 3.7415e-11
0.1 -70 7e-05 3.7415e-11
0.125 -70 7e-05 3.7415e-11
0.15 -70 7e-05 3.7415e-11
0.175 -70 7e-05 3.7415e-11
0.2 -70 7e-05 3.74151e-11
0.225 -70 7e-05 3.74151e-11
0.25 -70 7e-05 3.74151e-11
0.275 -69.9999 7e-05 3.74151e-11
0.3 -69.9999 7e-05 3.74151e-11
0.325 -69.9999 7e-05 3.74151e-11
0.35 -69.9999 7e-05 3.74151e-11
0.375 -69.9999 7e-05 3.74151e-11
0.4 -69.9999 7e-05 3.74151e-11
0.425 -69.9999 7e-05 3.74151e-11
0.45 -69.9999 7e-05 3.74152e-11
0.475 -69.9999 7e-05 3.74152e-11
0.5 -69.9999 7e-05 3.74152e-11
0.525 -69.9999 7e-05 3.74152e-11
0.55 -69.9999 7e-05 3.74152e-11
0.575 -69.9999 7e-05 3.74152e-11
0.6 -69.9999 7e-05 3.74152e-11
0.625 -69.9999 7e-05 3.74152e-11
0.65 -69.9999 7e-05 3.74152e-11
0.675 -69.9999 7e-05 3.74152e-11
0.7 -69.9999 7e-05 3.74152e-11
0.725 -69.9999 7e-05 3.74152e-11
0.75 -69.9999 7e-05 3.74153e-11
0.775 -69.9999 7e-05 3.74153e-11
0.8 -69.9999 7e-05 3.74153e-11
0.825 -69.9999 7e-05 3.74153e-11
0.85 -69.9999 7e-05 3.74153e-11
0.875 -69.9999 7e-05 3.74153e-11
0.9 -69.9999 7e-05 3.74153e-11
0.925 -69.9999 7e-05 3.74153e-11
0.95 -69.9999 7e-05 3.74153e-11
0.975 -69.9999 7e-05 3.74153e-11
1 -69.9999 7e-05 3.74153e-11
1.025 -69.9999 7e-05 3.74153e-11
1.05 -69.9999 7e-05 3.74153e-11
1.075 -69.9999 7e-05 3.74154e-11
1.1 -69.9999 7e-05 3.74154e-11
1.125 -69.9999 7e-05 3.74154e-11
1.15 -69.9998 7e-05 3.74154e-11
1.175 -69.9998 7e-05 3.74154e-11
1.2 -69.9998 7e-05 3.74154e-11
1.225 -69.9998 7e-05 3.74154e-11
1.25 -69.9998 7e-05 3.74154e-11
1.275 -69.9998 7e-05 3.74154e-11
1.3 -69.9998 7e-05 3.74154e-11
1.325 -69.9998 7e-05 3.74154e-11
1.35 -69.9998 7e-05 3.74154e-11
1.375 -69.9998 7e-05 3.74154e-11
1.4 -69.9998 7e-05 3.74155e-11
1.425 -69.9998 7e-05 3.74155e-11
1.45 -69.9998 7e-05 3.74155e-11
1.475 -69.9998 7e-05 3.74155e-11
1.5 -69.9998 7e-05 3.74155e-11
1.525 -69.9998 7e-05 3.74155e-11
1.55 -69.9998 7e-05 3.74155e-11
1.575 -69.9998 7e-05 3.74155e-11
1.6 -69.9998 7e-05 3.74155e-11
1.625 -69.9998 7e-05 3.74155e-11
1.65 -69.9998 7e-05 3.74155e-11
1.675 -69.9998 7e-05 3.74155e-11
1.7 -69.9998 7e-05 3.74155e-11
1.725 -69.9998 7e-05 3.74155e-11
1.75 -69.9998 7e-05 3.74156e-11
1.775 -69.9998 7e-05 3.74156e-11
1.8 -69.9998 7e-05 3.74156e-11
1.825 -69.9998 7e-05 3.74156e-11
1.85 -69.9998 7e-05 3.74156e-11
1.875 -69.9998 7e-05 3.74156e-11
1.9 -69.9998 7e-05 3.74156e-11
1.925 -69.9998 7e-05 3.74156e-11
1.95 -69.9998 7e-05 3.74156e-11
1.975 -69.9998 7e-05 3.74156e-11
2 -69.9998 7e-05 3.74156e-11
2.025 -69.9998 7e-05 3.74156e-11
2.05 -69.9998 7e-05 3.74156e-11
2.075 -69.9998 7e-05 3.74156e-11
2.1 -69.9998 7e-05 3.74157e-11
2.125 -69.9998 7e-05 3.74157e-11
2.15 -69.9998 7e-05 3.74157e-11
2.175 -69.9998 7e-05 3.74157e-11
2.2 -69.9998 7e-05 3.74157e-11
2.225 -69.9998 7e-05 3.74157e-11
2.25 -69.9998 7e-05 3.74157e-11
2.275 -69.9998 7e-05 3.74157e-11
2.3 -69.9998 7e-05 3.74157e-11
2.325 -69.9998 7e-05 3.74157e-11
2.35 -69.9998 7e-05 3.74157e-11
2.375 -69.9998 7e-05 3.74157e-11
2.4 -69.9998 7e-05 3.74157e-11
2.425 -69.9998 7e-05 3.74157e-11
2.45 -69.9997 7e-05 3.74158e-11
2.475 -69.9997 7e-05 3.74158e-11
2.5 -69.9997 7e-05 3.74158e-11
2.525 -69.9997 7e-05 3.74158e-11
2.55 -69.9997 7e-05 3.74158e-11
2.575 -69.9997 7e-05 3.74158e-11
2.6 -69.9997 7e-05 3.74158e-11
2.625 -69.9997 7e-05 3.74158e-11
2.65 -69.9997 7e-05 3.74158e-11
2.675 -69.9997 7e-05 3.74158e-11
2.7 -69.9997 7e-05 3.74158e-11
2.725 -69.9997 7e-05 3.74158e-11
2.75 -69.9997 7e-05 3.74158e-11
2.775 -69.9997 7e-05 3.74158e-11
2.8 -69.9997 7e-05 3.74159e-11
2.825 -69.9997 7e-05 3.74159e-11
2.85 -69.9997 7e-05 3.74159e-11
2.875 -69.9997 7e-05 3.74159e-11
2.9 -69.9997 7e-05 3.74159e-11
2.925 -69.9997 7e-05 3.74159e-11
2.95 -69.9997 7e-05 3.74159e-11
2.975 -69.9997 7e-05 3.74159e-11
3 -69.9997 7e-05 3.74159e-11
3.025 -69.9997 7e-05 3.74159e-11
3.05 -69.9997 7e-05 3.74159e-11
3.075 -69.9997 7e-05 3.74159e-11
3.1 -69.9997 7e-05 3.74159e-11
3.125 -69.9997 7e-05 3.74159e-11
3.15 -69.9997 7e-05 3.74159e-11
3.175 -69.9997 7e-05 3.7416e-11
3.2 -69.9997 7e-05 3.7416e-11
3.225 -69.9997 7e-05 3.7416e-11
3.25 -69.9997 7e-05 3.7416e-11
3.275 -69.9997 7e-05 3.7416e-11
3.3 -69.9997 7e-05 3.7416e-11
3.325 -69.9997 7e-05 3.7416e-11
3.35 -69.9997 7e-05 3.7416e-11
3.375 -69.9997 7e-05 3.7416e-11
3.4 -69.9997 7e-05 3.7416e-11
3.425 -69.9997 7e-05 3.7416e-11
3.45 -69.9997 7e-05 3.7416e-11
3.475 -69.9997 7e-05 3.7416e-11
3.5 -69.9997 7e-05 3.7416e-11
3.525 -69.9997 7e-05 3.7416e-11
3.55 -69.9997 7e-05 3.74161e-11
3.575 -69.9997 7e-05 3.74161e-11
3.6 -69.9997 7e-05 3.74161e-11
3.625 -69.9997 7e-05 3.74161e-11
3.65 -69.9997 7e-05 3.74161e-11
3.675 -69.9997 7e-05 3.74161e-11
3.7 -69.9997 7e-05 3.74161e-11
3.725 -69.9997 7e-05 3.74161e-11
3.75 -69.9997 7e-05 3.74161e-11
3.775 -69.9997 7e-05 3.74161e-11
3.8 -69.9997 7e-05 3.74161e-11
3.825 -69.9997 7e-05 3.74161e-11
3.85 -69.9997 7e-05 3.74161e-11
3.875 -69.9997 7e-05 3.74161e-11
3.9 -69.9997 7e-05 3.74161e-11
3.925 -69.9997 7e-05 3.74162e-11
3.95 -69.9997 7e-05 3.74162e-11
3.975 -69.9997 7e-05 3.74162e-11
4 -69.9997 7e-05 3.74162e-11
4.025 -69.9997 7e-05 3.74162e-11
4.05 -69.9996 7e-05 3.74162e-11
4.075 -69.9996 7e-05 3.74162e-11
4.1 -69.9996 7e-05 3.74162e-11
4.125 -69.9996 7e-05 3.74162e-11
4.15 -69.9996 7e-05 3.74162e-11
4.175 -69.9996 7e-05 3.74162e-11
4.2 -69.9996 7e-05 3.74162e-11
4.225 -69.9996 7e-05 3.74162e-11
4.25 -69.9996 7e-05 3.74162e-11
4.275 -69.9996 7e-05 3.74162e-11
4.3 -69.9996 7e-05 3.74163e-11
4.325 -69.9996 7e-05 3.74163e-11
4.35 -69.9996 7e-05 3.74163e-11
4.375 -69.9996 7e-05 3.74163e-11
4.4 -69.9996 7e-05 3.74163e-11
4.425 -69.9996 7e-05 3.74163e-11
4.45 -69.9996 7e-05 3.74163e-11
4.475 -69.9996 7e-05 3.74163e-11
4.5 -69.9996 7e-05 3.74163e-11
4.525 -69.9996 7e-05 3.74163e-11
4.55 -69.9996 7e-05 3.74163e-11
4.575 -69.9996 7e-05 3.74163e-11
4.6 -69.9996 7e-05 3.74163e-11
4.625 -69.9996 7e-05 3.74163e-11
4.65 -69.9996 7e-05 3.74163e-11
4.675 -69.9996 7e-05 3.74164e-11
4.7 -69.9996 7e-05 3.74164e-11
4.725 -69.9996 7e-05 3.74164e-11
4.75 -69.9996 7e-05 3.74164e-11
4.775 -69.9996 7e-05 3.74164e-11
4.8 -69.9996 7e-05 3.74164e-11
4.825 -69.9996 7e-05 3.74164e-11
4.85 -69.9996 7e-05 3.74164e-11
4.875 -69.9996 7e-05 3.74164e-11
4.9 -69.9996 7e-05 3.74164e-11
4.925 -69.9996 7e-05 3.74164e-11
4.95 -69.9996 7e-05 3.74164e-11
4.975 -69.9996 7e-05 3.74164e-11
5 -69.9996 7e-05 3.74164e-11
5.025 -66.4304 7e-05 4.63193e-11
5.05 -63.7151 7e-05 5.3177e-11
5.075 -61.43 7e-05 5.90669e-11
5.1 -59.4259 7e-05 6.43777e-11
5.125 -57.6263 7e-05 6.93157e-11
5.15 -55.9838 7e-05 7.40125e-11
5.175 -54.4661 7.00001e-05 7.8562e-11
5.2 -53.0498 7.00001e-05 8.30359e-11
5.225 -51.7166 7.00001e-05 8.74922e-11
5.25 -50.452 7.00002e-05 9.19809e-11
5.275 -49.2432 7.00004e-05 9.65479e-11
5.3 -48.0784 7.00006e-05 1.01238e-10
5.325 -46.9461 7.0001e-05 1.06098e-10
5.35 -45.8336 7.00015e-05 1.11181e-10
5.375 -44.7269 7.00023e-05 1.1655e-10
5.4 -43.6092 7.00034e-05 1.22281e-10
5.425 -42.4598 7.00049e-05 1.28473e-10
5.45 -41.2521 7.00071e-05 1.3526e-10
5.475 -39.9507 7.00102e-05 1.42826e-10
5.5 -38.5064 7.00147e-05 1.51433e-10
5.525 -36.8485 7.00211e-05 1.61477e-10
5.55 -34.8703 7.00304e-05 1.73572e-10
5.575 -32.405 7.00446e-05 1.88728e-10
5.6 -29.1817 7.00667e-05 2.0869e-10
5.625 -24.7583 7.01034e-05 2.36635e-10
5.65 -18.4556 7.01694e-05 2.7859e-10
5.675 -9.50879 7.03034e-05 3.46204e-10
5.7 2.0112 7.06323e-05 4.62991e-10
5.725 14.0404 7.17278e-05 6.88247e-10
5.75 23.9088 7.7112e-05 9.08427e-10
5.775 30.6245 0.000109571 1.30043e-09
5.8 34.7891 0.000269616 2.96176e-08
5.825 37.3714 0.000780489 5.0118e-05
5.85 39.0407 0.00185243 0.00176297
5.875 40.0755 0.00354119 0.0152348
5.9 40.4885 0.00576885 0.0530524
5.925 40.4651 0.00839198 0.0915896
5.95 40.0888 0.0112649 0.129584
5.975 39.3986 0.0142697 0.166717
6 38.4189 0.0173277 0.202727
6.025 34.9733 0.0203953 0.233123
6.05 32.4445 0.023455 0.263266
6.075 30.1482 0.0267038 0.292259
6.1 27.8806 0.0300305 0.319746
6.125 25.573 0.0334051 0.345548
6.15 23.2069 0.0368229 0.36958
6.175 20.7847 0.0402878 0.39181
6.2 18.3183 0.0438058 0.412249
6.225 15.8229 0.0473824 0.430934
6.25 13.3152 0.0510206 0.447928
6.275 10.8128 0.0547211 0.463123
6.3 8.3396 0.0584815 0.47586
6.325 5.91149 0.0622957 0.486372
6.35 3.53885 0.0661536 0.494877
6.375 1.22763 0.0700413 0.501576
6.4 -1.02009 0.0739417 0.506646
6.425 -3.20569 0.0778346 0.510235
6.45 -5.3337 0.0816967 0.512463
6.475 -7.41152 0.0855018 0.513417
6.5 -9.44915 0.0892209 0.51315
6.525 -11.459 0.0928223 0.511684
6.55 -13.4559 0.0962712 0.509008
6.575 -15.4564 0.0995302 0.505077
6.6 -17.4796 0.102559 0.499818
6.625 -19.5459 0.105314 0.493126
6.65 -21.6772 0.107748 0.484874
6.675 -23.8962 0.109813 0.474917
6.7 -26.2244 0.111458 0.46311
6.725 -28.6798 0.11263 0.449327
6.75 -31.2723 0.113279 0.433513
6.775 -33.9971 0.113365 0.415734
6.8 -36.8267 0.112863 0.396255
6.825 -39.7043 0.111779 0.375606
6.85 -42.5446 0.110164 0.354578
6.875 -45.2485 0.10812 0.334101
6.9 -47.7303 0.105789 0.315004
6.925 -49.9421 0.103314 0.297801
6.95 -51.8776 0.100809 0.282637
6.975 -53.5583 0.0983318 0.269408
7 -55.0166 0.0959077 0.257895
7.025 -56.2861 0.0935417 0.247854
7.05 -57.3975 0.0912339 0.239054
7.075 -58.3773 0.0889831 0.231293
7.1 -59.2473 0.0867878 0.2244
7.125 -60.0256 0.0846467 0.218235
7.15 -60.7268 0.0825585 0.212683
7.175 -61.3628 0.0805219 0.207649
7.2 -61.943 0.0785355 0.203058
7.225 -62.4754 0.0765982 0.198847
7.25 -62.9664 0.0747087 0.194964
7.275 -63.4214 0.0728659 0.191368
7.3 -63.8447 0.0710685 0.188023
7.325 -64.2401 0.0693156 0.184899
7.35 -64.6107 0.0676059 0.181972
7.375 -64.9591 0.0659384 0.179219
7.4 -65.2876 0.0643121 0.176624
7.425 -65.5982 0.062726 0.174171
7.45 -65.8927 0.061179 0.171845
7.475 -66.1724 0.0596702 0.169634
7.5 -66.4387 0.0581987 0.16753
7.525 -66.6927 0.0567635 0.165521
7.55 -66.9355 0.0553637 0.1636
7.575 -67.168 0.0539985 0.161761
7.6 -67.391 0.052667 0.159995
7.625 -67.6052 0.0513684 0.158299
7.65 -67.8112 0.0501018 0.156665
7.675 -68.0097 0.0488665 0.15509
7.7 -68.2012 0.0476617 0.15357
7.725 -68.3863 0.0464867 0.152099
7.75 -68.5652 0.0453407 0.150675
7.775 -68.7386 0.0442229 0.149294
7.8 -68.9067 0.0431328 0.147953
7.825 -69.07 0.0420696 0.14665
7.85 -69.2288 0.0410326 0.14538
7.875 -69.3834 0.0400212 0.144142
7.9 -69.5341 0.0390348 0.142933
7.925 -69.6811 0.0380728 0.141751
7.95 -69.8248 0.0371345 0.140594
7.975 -69.9654 0.0362194 0.13946
8 -70.103 0.0353268 0.138347
8.025 -70.2379 0.0344563 0.137253
8.05 -70.3703 0.0336073 0.136178
8.075 -70.5004 0.0327793 0.135118
8.1 -70.6283 0.0319717 0.134073
8.125 -70.7542 0.031184 0.133043
8.15 -70.8781 0.0304158 0.132025
8.175 -71.0003 0.0296666 0.131018
8.2 -71.1208 0.0289358 0.130022
8.225 -71.2397 0.0282231 0.129036
8.25 -71.3572 0.027528 0.12806
8.275 -71.4733 0.0268501 0.127091
8.3 -71.588 0.0261889 0.126131
8.325 -71.7014 0.025544 0.125178
8.35 -71.8137 0.0249151 0.124231
8.375 -71.9247 0.0243016 0.123291
8.4 -72.0347 0.0237034 0.122357
8.425 -72.1435 0.0231198 0.121429
8.45 -72.2513 0.0225507 0.120507
8.475 -72.358 0.0219957 0.119589
8.5 -72.4637 0.0214543 0.118677
8.525 -72.5684 0.0209264 0.11777
8.55 -72.6721 0.0204114 0.116867
8.575 -72.7749 0.0199092 0.115969
8.6 -72.8766 0.0194194 0.115076
8.625 -72.9774 0.0189416 0.114187
8.65 -73.0772 0.0184757 0.113303
8.675 -73.176 0.0180212 0.112423
8.7 -73.2738 0.017578 0.111548
8.725 -73.3707 0.0171457 0.110676
8.75 -73.4665 0.0167241 0.10981
8.775 -73.5614 0.016313 0.108948
8.8 -73.6553 0.0159119 0.10809
8.825 -73.7481 0.0155208 0.107236
8.85 -73.84 0.0151393 0.106387
8.875 -73.9308 0.0147672 0.105542
8.9 -74.0206 0.0144044 0.104702
8.925 -74.1094 0.0140504 0.103866
8.95 -74.1971 0.0137053 0.103035
8.975 -74.2838 0.0133686 0.102208
9 -74.3694 0.0130403 0.101385
9.025 -74.454 0.01272 0.100567
9.05 -74.5375 0.0124077 0.0997538
9.075 -74.6199 0.0121031 0.0989447
9.1 -74.7012 0.011806 0.0981401
9.125 -74.7814 0.0115162 0.0973399
9.15 -74.8605 0.0112336 0.0965442
9.175 -74.9386 0.010958 0.095753
9.2 -75.0155 0.0106892 0.0949663
9.225 -75.0913 0.010427 0.0941841
9.25 -75.166 0.0101712 0.0934063
9.275 -75.2395 0.00992185 0.092633
9.3 -75.312 0.00967861 0.0918642
9.325 -75.3833 0.00944137 0.0910999
9.35 -75.4535 0.00920999 0.09034
9.375 -75.5226 0.00898432 0.0895847
9.4 -75.5906 0.00876423 0.0888338
9.425 -75.6574 0.00854956 0.0880874
9.45 -75.7231 0.0083402 0.0873455
9.475 -75.7877 0.00813601 0.0866081
9.5 -75.8512 0.00793686 0.0858753
9.525 -75.9136 0.00774263 0.085147
9.55 -75.9749 0.00755319 0.0844233
9.575 -76.035 0.00736843 0.0837042
9.6 -76.0941 0.00718823 0.0829897
9.625 -76.1521 0.00701248 0.0822798
9.65 -76.2091 0.00684107 0.0815746
9.675 -76.2649 0.00667389 0.080874
9.7 -76.3197 0.00651084 0.0801781
9.725 -76.3734 0.00635182 0.0794869
9.75 -76.4261 0.00619672 0.0788002
9.775 -76.4778 0.00604545 0.0781182
9.8 -76.5285 0.00589791 0.0774408
9.825 -76.5781 0.00575402 0.0767679
9.85 -76.6267 0.00561368 0.0760995
9.875 -76.6743 0.00547681 0.0754354
9.9 -76.721 0.00534331 0.0747756
9.925 -76.7666 0.00521312 0.0741198
9.95 -76.8112 0.00508613 0.0734679
9.975 -76.8549 0.00496228 0.0728198
10 -76.8976 0.00484149 0.072175
10.025 -76.9392 0.00472368 0.0715333
10.05 -76.9799 0.00460878 0.0708945
10.075 -77.0196 0.00449672 0.0702579
10.1 -77.0583 0.00438742 0.0696233
10.125 -77.0959 0.00428083 0.0689899
10.15 -77.1324 0.00417686 0.0683572
10.175 -77.1679 0.00407546 0.0677243
10.2 -77.2022 0.00397657 0.0670904
10.225 -77.2353 0.00388011 0.0664543
10.25 -77.2671 0.00378604 0.0658147
10.275 -77.2978 0.00369429 0.0651803
10.3 -77.3276 0.00360481 0.0645574
10.325 -77.3564 0.00351753 0.0639453
10.35 -77.3844 0.00343241 0.0633431
10.375 -77.4116 0.0033494 0.0627503
10.4 -77.4382 0.00326843 0.0621665
10.425 -77.4641 0.00318946 0.0615912
10.45 -77.4894 0.00311244 0.0610242
10.475 -77.5142 0.00303732 0.0604652
10.5 -77.5384 0.00296406 0.0599138
10.525 -77.5621 0.0028926 0.05937
10.55 -77.5852 0.00282291 0.0588334
10.575 -77.6079 0.00275494 0.0583039
10.6 -77.6302 0.00268865 0.0577813
10.625 -77.652 0.002624 0.0572654
10.65 -77.6734 0.00256094 0.0567562
10.675 -77.6944 0.00249944 0.0562533
10.7 -77.715 0.00243945 0.0557568
10.725 -77.7352 0.00238095 0.0552664
10.75 -77.755 0.00232389 0.0547821
10.775 -77.7745 0.00226824 0.0543037
10.8 -77.7937 0.00221397 0.0538311
10.825 -77.8125 0.00216103 0.0533642
10.85 -77.8309 0.00210941 0.052903
10.875 -77.8491 0.00205905 0.0524472
10.9 -77.8669 0.00200994 0.0519968
10.925 -77.8845 0.00196205 0.0515517
10.95 -77.9018 0.00191533 0.0511118
10.975 -77.9187 0.00186977 0.0506771
11 -77.9354 0.00182533 0.0502473
11.025 -77.9518 0.00178199 0.0498226
11.05 -77.968 0.00173973 0.0494027
11.075 -77.9839 0.0016985 0.0489877
11.1 -77.9995 0.00165829 0.0485774
11.125 -78.0149 0.00161908 0.0481717
11.15 -78.03 0.00158083 0.0477706
11.175 -78.0449 0.00154353 0.047374
11.2 -78.0596 0.00150715 0.0469819
11.225 -78.074 0.00147166 0.0465942
11.25 -78.0882 0.00143706 0.0462108
11.275 -78.1022 0.0014033 0.0458317
11.3 -78.116 0.00137038 0.0454567
11.325 -78.1295 0.00133828 0.0450859
11.35 -78.1429 0.00130696 0.0447192
11.375 -78.156 0.00127642 0.0443565
11.4 -78.1689 0.00124664 0.0439978
11.425 -78.1817 0.00121758 0.043643
11.45 -78.1942 0.00118925 0.043292
11.475 -78.2066 0.00116162 0.0429449
11.5 -78.2187 0.00113466 0.0426015
11.525 -78.2307 0.00110838 0.0422618
11.55 -78.2425 0.00108274 0.0419257
11.575 -78.2541 0.00105773 0.0415932
11.6 -78.2656 0.00103335 0.0412643
11.625 -78.2768 0.00100956 0.0409389
11.65 -78.2879 0.000986365 0.040617
11.675 -78.2989 0.00096374 0.0402984
11.7 -78.3096 0.000941673 0.0399832
11.725 -78.3202 0.000920151 0.0396713
11.75 -78.3307 0.000899161 0.0393627
11.775 -78.3409 0.000878689 0.0390573
11.8 -78.3511 0.000858722 0.0387551
11.825 -78.361 0.000839249 0.038456
11.85 -78.3708 0.000820256 0.03816
11.875 -78.3805 0.000801732 0.037867
11.9 -78.39 0.000783666 0.0375771
11.925 -78.3994 0.000766045 0.0372901
11.95 -78.4086 0.00074886 0.0370061
11.975 -78.4177 0.000732099 0.0367249
12 -78.4266 0.000715751 0.0364466
12.025 -78.4354 0.000699808 0.0361711
12.05 -78.444 0.000684258 0.0358984
12.075 -78.4526 0.000669092 0.0356284
12.1 -78.4609 0.0006543 0.0353611
12.125 -78.4692 0.000639874 0.0350964
12.15 -78.4773 0.000625803 0.0348344
12.175 -78.4853 0.00061208 0.034575
12.2 -78.4931 0.000598696 0.0343182
12.225 -78.5009 0.000585643 0.0340639
12.25 -78.5085 0.000572912 0.0338121
12.275 -78.5159 0.000560495 0.0335627
12.3 -78.5233 0.000548384 0.0333158
12.325 -78.5305 0.000536573 0.0330713
12.35 -78.5376 0.000525053 0.0328291
12.375 -78.5446 0.000513818 0.0325893
12.4 -78.5515 0.00050286 0.0323518
12.425 -78.5582 0.000492173 0.0321165
12.45 -78.5649 0.000481749 0.0318836
12.475 -78.5714 0.000471583 0.0316528
12.5 -78.5778 0.000461668 0.0314243
12.525 -78.5841 0.000451998 0.0311979
12.55 -78.5903 0.000442566 0.0309736
12.575 -78.5964 0.000433367 0.0307515
12.6 -78.6023 0.000424396 0.0305314
12.625 -78.6082 0.000415646 0.0303134
12.65 -78.6139 0.000407112 0.0300975
12.675 -78.6196 0.000398788 0.0298835
12.7 -78.6251 0.000390671 0.0296716
12.725 -78.6305 0.000382753 0.0294616
12.75 -78.6359 0.000375031 0.0292535
12.775 -78.6411 0.0003675 0.0290474
12.8 -78.6462 0.000360155 0.0288431
12.825 -78.6512 0.000352991 0.0286408
12.85 -78.6562 0.000346004 0.0284402
12.875 -78.661 0.000339189 0.0282415
12.9 -78.6657 0.000332543 0.0280446
12.925 -78.6704 0.000326061 0.0278494
12.95 -78.6749 0.000319739 0.0276561
12.975 -78.6794 0.000313572 0.0274644
13 -78.6837 0.000307559 0.0272745
13.025 -78.688 0.000301693 0.0270863
13.05 -78.6921 0.000295973 0.0268997
13.075 -78.6962 0.000290393 0.0267148
13.1 -78.7002 0.000284952 0.0265315
13.125 -78.7041 0.000279645 0.0263499
13.15 -78.7079 0.000274469 0.0261698
13.175 -78.7117 0.00026942 0.0259914
13.2 -78.7153 0.000264497 0.0258145
13.225 -78.7189 0.000259694 0.0256391
13.25 -78.7224 0.000255011 0.0254653
13.275 -78.7257 0.000250443 0.0252929
13.3 -78.7291 0.000245988 0.0251221
13.325 -78.7323 0.000241643 0.0249527
13.35 -78.7354 0.000237405 0.0247848
13.375 -78.7385 0.000233271 0.0246183
13.4 -78.7415 0.00022924 0.0244532
13.425 -78.7444 0.000225309 0.0242896
13.45 -78.7472 0.000221474 0.0241273
13.475 -78.75 0.000217734 0.0239664
13.5 -78.7527 0.000214087 0.0238069
13.525 -78.7553 0.000210529 0.0236487
13.55 -78.7578 0.000207059 0.0234919
13.575 -78.7602 0.000203675 0.0233363
13.6 -78.7626 0.000200375 0.0231821
13.625 -78.7649 0.000197156 0.0230291
13.65 -78.7672 0.000194016 0.0228774
13.675 -78.7693 0.000190954 0.022727
13.7 -78.7714 0.000187968 0.0225778
13.725 -78.7735 0.000185055 0.0224298
13.75 -78.7754 0.000182215 0.022283
13.775 -78.7773 0.000179444 0.0221375
13.8 -78.7791 0.000176742 0.0219931
13.825 -78.7809 0.000174107 0.0218499
13.85 -78.7826 0.000171536 0.0217079
13.875 -78.7842 0.000169029 0.021567
13.9 -78.7858 0.000166584 0.0214272
13.925 -78.7873 0.000164199 0.0212886
13.95 -78.7887 0.000161874 0.0211511
13.975 -78.7901 0.000159605 0.0210147
14 -78.7914 0.000157393 0.0208794
14.025 -78.7926 0.000155235 0.0207451
14.05 -78.7938 0.000153131 0.0206119
14.075 -78.7949 0.000151078 0.0204798
14.1 -78.796 0.000149076 0.0203487
14.125 -78.797 0.000147124 0.0202186
14.15 -78.7979 0.00014522 0.0200896
14.175 -78.7988 0.000143363 0.0199616
14.2 -78.7997 0.000141551 0.0198345
14.225 -78.8004 0.000139785 0.0197085
14.25 -78.8012 0.000138062 0.0195834
14.275 -78.8018 0.000136381 0.0194593
14.3 -78.8024 0.000134742 0.0193362
14.325 -78.803 0.000133144 0.019214
14.35 -78.8035 0.000131585 0.0190928
14.375 -78.8039 0.000130064 0.0189724
14.4 -78.8043 0.000128581 0.018853
14.425 -78.8047 0.000127135 0.0187345
14.45 -78.8049 0.000125724 0.0186169
14.475 -78.8052 0.000124348 0.0185002
14.5 -78.8054 0.000123006 0.0183844
14.525 -78.8055 0.000121698 0.0182695
14.55 -78.8056 0.000120421 0.0181554
14.575 -78.8056 0.000119176 0.0180421
14.6 -78.8056 0.000117962 0.0179298
14.625 -78.8056 0.000116778 0.0178182
14.65 -78.8055 0.000115623 0.0177075
14.675 -78.8053 0.000114497 0.0175976
14.7 -78.8051 0.000113398 0.0174885
14.725 -78.8049 0.000112327 0.0173803
14.75 -78.8046 0.000111281 0.0172728
14.775 -78.8042 0.000110262 0.0171661
14.8 -78.8039 0.000109268 0.0170602
14.825 -78.8034 0.000108299 0.0169551
14.85 -78.803 0.000107353 0.0168507
14.875 -78.8024 0.000106431 0.0167471
14.9 -78.8019 0.000105531 0.0166442
14.925 -78.8013 0.000104654 0.0165421
14.95 -78.8007 0.000103798 0.0164408
14.975 -78.8 0.000102964 0.0163401
15 -78.7992 0.00010215 0.0162402
15.025 -78.7985 0.000101356 0.016141
15.05 -78.7977 0.000100582 0.0160425
15.075 -78.7968 9.9827e-05 0.0159448
15.1 -78.7959 9.90906e-05 0.0158477
15.125 -78.795 9.83723e-05 0.0157513
15.15 -78.7941 9.76718e-05 0.0156556
15.175 -78.7931 9.69886e-05 0.0155605
15.2 -78.792 9.63222e-05 0.0154662
15.225 -78.791 9.56723e-05 0.0153725
15.25 -78.7898 9.50385e-05 0.0152794
15.275 -78.7887 9.44203e-05 0.015187
15.3 -78.7875 9.38174e-05 0.0150953
15.325 -78.7863 9.32293e-05 0.0150042
15.35 -78.785 9.26558e-05 0.0149137
15.375 -78.7837 9.20964e-05 0.0148239
15.4 -78.7824 9.15508e-05 0.0147347
15.425 -78.781 9.10187e-05 0.0146461
15.45 -78.7797 9.04998e-05 0.0145581
15.475 -78.7782 8.99936e-05 0.0144707
15.5 -78.7768 8.95e-05 0.0143839
15.525 -78.7753 8.90185e-05 0.0142977
15.55 -78.7737 8.8549e-05 0.0142121
15.575 -78.7722 8.8091e-05 0.0141271
15.6 -78.7706 8.76443e-05 0.0140427
15.625 -78.769 8.72087e-05 0.0139589
15.65 -78.7673 8.67838e-05 0.0138756
15.675 -78.7656 8.63694e-05 0.0137929
15.7 -78.7639 8.59652e-05 0.0137107
15.725 -78.7621 8.55711e-05 0.0136291
15.75 -78.7604 8.51866e-05 0.013548
15.775 -78.7586 8.48117e-05 0.0134675
15.8 -78.7567 8.4446e-05 0.0133876
15.825 -78.7549 8.40893e-05 0.0133081
15.85 -78.753 8.37414e-05 0.0132292
15.875 -78.751 8.34021e-05 0.0131508
15.9 -78.7491 8.30712e-05 0.013073
15.925 -78.7471 8.27485e-05 0.0129957
15.95 -78.7451 8.24337e-05 0.0129188
15.975 -78.7431 8.21268e-05 0.0128425
16 -78.741 8.18273e-05 0.0127667
16.025 -78.7389 8.15353e-05 0.0126914
16.05 -78.7368 8.12505e-05 0.0126166
16.075 -78.7346 8.09727e-05 0.0125423
16.1 -78.7325 8.07018e-05 0.0124684
16.125 -78.7303 8.04376e-05 0.0123951
16.15 -78.7281 8.01799e-05 0.0123222
16.175 -78.7258 7.99286e-05 0.0122498
16.2 -78.7236 7.96834e-05 0.0121779
16.225 -78.7213 7.94443e-05 0.0121065
16.25 -78.7189 7.92111e-05 0.0120355
16.275 -78.7166 7.89837e-05 0.0119649
16.3 -78.7142 7.87619e-05 0.0118949
16.325 -78.7118 7.85456e-05 0.0118253
16.35 -78.7094 7.83346e-05 0.0117561
16.375 -78.707 7.81288e-05 0.0116874
16.4 -78.7045 7.79281e-05 0.0116191
16.425 -78.7021 7.77324e-05 0.0115512
16.45 -78.6996 7.75414e-05 0.0114838
16.475 -78.697 7.73553e-05 0.0114169
16.5 -78.6945 7.71736e-05 0.0113503
16.525 -78.6919 7.69965e-05 0.0112842
16.55 -78.6893 7.68238e-05 0.0112185
16.575 -78.6867 7.66553e-05 0.0111532
16.6 -78.6841 7.6491e-05 0.0110883
16.625 -78.6814 7.63307e-05 0.0110239
16.65 -78.6787 7.61744e-05 0.0109598
16.675 -78.676 7.6022e-05 0.0108962
16.7 -78.6733 7.58733e-05 0.010833
16.725 -78.6706 7.57283e-05 0.0107701
16.75 -78.6678 7.55868e-05 0.0107077
16.775 -78.6651 7.54489e-05 0.0106456
16.8 -78.6623 7.53144e-05 0.010584
16.825 -78.6595 7.51832e-05 0.0105227
16.85 -78.6566 7.50552e-05 0.0104618
16.875 -78.6538 7.49304e-05 0.0104013
16.9 -78.6509 7.48086e-05 0.0103412
16.925 -78.648 7.46899e-05 0.0102814
16.95 -78.6451 7.45741e-05 0.010222
16.975 -78.6422 7.44612e-05 0.010163
17 -78.6393 7.4351e-05 0.0101043
17.025 -78.6363 7.42436e-05 0.0100461
17.05 -78.6333 7.41388e-05 0.00998813
17.075 -78.6303 7.40366e-05 0.00993057
17.1 -78.6273 7.3937e-05 0.00987336
17.125 -78.6243 7.38398e-05 0.0098165
17.15 -78.6213 7.3745e-05 0.00976
17.175 -78.6182 7.36525e-05 0.00970384
17.2 -78.6151 7.35623e-05 0.00964803
17.225 -78.612 7.34744e-05 0.00959256
17.25 -78.6089 7.33886e-05 0.00953743
17.275 -78.6058 7.33049e-05 0.00948264
17.3 -78.6027 7.32233e-05 0.00942818
17.325 -78.5995 7.31437e-05 0.00937406
17.35 -78.5963 7.30661e-05 0.00932027
17.375 -78.5931 7.29904e-05 0.0092668
17.4 -78.5899 7.29166e-05 0.00921367
17.425 -78.5867 7.28446e-05 0.00916085
17.45 -78.5835 7.27743e-05 0.00910836
17.475 -78.5803 7.27058e-05 0.00905618
17.5 -78.577 7.2639e-05 0.00900433
17.525 -78.5737 7.25739e-05 0.00895278
17.55 -78.5704 7.25103e-05 0.00890155
17.575 -78.5671 7.24484e-05 0.00885063
17.6 -78.5638 7.23879e-05 0.00880002
17.625 -78.5605 7.23289e-05 0.00874971
17.65 -78.5572 7.22714e-05 0.0086997
17.675 -78.5538 7.22154e-05 0.00865
17.7 -78.5504 7.21607e-05 0.0086006
17.725 -78.5471 7.21073e-05 0.00855149
17.75 -78.5437 7.20553e-05 0.00850268
17.775 -78.5403 7.20045e-05 0.00845416
17.8 -78.5368 7.1955e-05 0.00840593
17.825 -78.5334 7.19068e-05 0.00835799
17.85 -78.53 7.18597e-05 0.00831034
17.875 -78.5265 7.18138e-05 0.00826297
17.9 -78.5231 7.1769e-05 0.00821588
17.925 -78.5196 7.17253e-05 0.00816908
17.95 -78.5161 7.16827e-05 0.00812255
17.975 -78.5126 7.16412e-05 0.0080763
18 -78.5091 7.16007e-05 0.00803033
18.025 -78.5055 7.15611e-05 0.00798463
18.05 -78.502 7.15226e-05 0.0079392
18.075 -78.4985 7.1485e-05 0.00789405
18.1 -78.4949 7.14483e-05 0.00784915
18.125 -78.4913 7.14126e-05 0.00780453
18.15 -78.4878 7.13777e-05 0.00776017
18.175 -78.4842 7.13437e-05 0.00771607
18.2 -78.4806 7.13105e-05 0.00767223
18.225 -78.477 7.12782e-05 0.00762866
18.25 -78.4733 7.12466e-05 0.00758533
18.275 -78.4697 7.12158e-05 0.00754227
18.3 -78.4661 7.11858e-05 0.00749946
18.325 -78.4624 7.11565e-05 0.0074569
18.35 -78.4587 7.1128e-05 0.00741459
18.375 -78.4551 7.11001e-05 0.00737253
18.4 -78.4514 7.1073e-05 0.00733071
18.425 -78.4477 7.10465e-05 0.00728914
18.45 -78.444 7.10206e-05 0.00724782
18.475 -78.4403 7.09954e-05 0.00720674
18.5 -78.4366 7.09708e-05 0.0071659
18.525 -78.4328 7.09469e-05 0.00712529
18.55 -78.4291 7.09235e-05 0.00708493
18.575 -78.4254 7.09007e-05 0.0070448
18.6 -78.4216 7.08785e-05 0.00700491
18.625 -78.4178 7.08568e-05 0.00696524
18.65 -78.4141 7.08356e-05 0.00692581
18.675 -78.4103 7.0815e-05 0.00688661
18.7 -78.4065 7.07949e-05 0.00684764
18.725 -78.4027 7.07752e-05 0.0068089
18.75 -78.3989 7.07561e-05 0.00677038
18.775 -78.3951 7.07374e-05 0.00673208
18.8 -78.3913 7.07192e-05 0.00669401
18.825 -78.3874 7.07015e-05 0.00665616
18.85 -78.3836 7.06841e-05 0.00661852
18.875 -78.3798 7.06673e-05 0.00658111
18.9 -78.3759 7.06508e-05 0.00654391
18.925 -78.372 7.06347e-05 0.00650693
18.95 -78.3682 7.0619e-05 0.00647016
18.975 -78.3643 7.06038e-05 0.00643361
19 -78.3604 7.05888e-05 0.00639727
19.025 -78.3565 7.05743e-05 0.00636113
19.05 -78.3526 7.05601e-05 0.00632521
19.075 -78.3487 7.05463e-05 0.00628949
19.1 -78.3448 7.05328e-05 0.00625398
19.125 -78.3409 7.05197e-05 0.00621867
19.15 -78.337 7.05068e-05 0.00618357
19.175 -78.333 7.04943e-05 0.00614867
19.2 -78.3291 7.04821e-05 0.00611397
19.225 -78.3251 7.04702e-05 0.00607947
19.25 -78.3212 7.04586e-05 0.00604517
19.275 -78.3172 7.04473e-05 0.00601107
19.3 -78.3133 7.04362e-05 0.00597716
19.325 -78.3093 7.04255e-05 0.00594345
19.35 -78.3053 7.0415e-05 0.00590993
19.375 -78.3013 7.04047e-05 0.0058766
19.4 -78.2973 7.03947e-05 0.00584347
19.425 -78.2933 7.0385e-05 0.00581052
19.45 -78.2893 7.03755e-05 0.00577777
19.475 -78.2853 7.03662e-05 0.0057452
19.5 -78.2813 7.03572e-05 0.00571281
19.525 -78.2773 7.03483e-05 0.00568062
19.55 -78.2733 7.03397e-05 0.0056486
19.575 -78.2692 7.03313e-05 0.00561677
19.6 -78.2652 7.03232e-05 0.00558513
19.625 -78.2612 7.03152e-05 0.00555366
19.65 -78.2571 7.03074e-05 0.00552237
19.675 -78.2531 7.02998e-05 0.00549126
19.7 -78.249 7.02924e-05 0.00546033
19.725 -78.2449 7.02852e-05 0.00542958
19.75 -78.2409 7.02782e-05 0.005399
19.775 -78.2368 7.02713e-05 0.00536859
19.8 -78.2327 7.02646e-05 0.00533836
19.825 -78.2286 7.02581e-05 0.0053083
19.85 -78.2246 7.02517e-05 0.00527841
19.875 -78.2205 7.02455e-05 0.0052487
19.9 -78.2164 7.02394e-05 0.00521915
19.925 -78.2123 7.02335e-05 0.00518977
19.95 -78.2082 7.02277e-05 0.00516055
19.975 -78.204 7.02221e-05 0.0051315
20 -78.1999 7.02166e-05 0.00510262
20.025 -78.1958 7.02113e-05 0.0050739
20.05 -78.1917 7.02061e-05 0.00504535
20.075 -78.1875 7.0201e-05 0.00501695
20.1 -78.1834 7.0196e-05 0.00498872
20.125 -78.1793 7.01912e-05 0.00496065
20.15 -78.1751 7.01865e-05 0.00493274
20.175 -78.171 7.01818e-05 0.00490498
20.2 -78.1668 7.01774e-05 0.00487738
20.225 -78.1627 7.0173e-05 0.00484994
20.25 -78.1585 7.01687e-05 0.00482266
20.275 -78.1544 7.01645e-05 0.00479552
20.3 -78.1502 7.01605e-05 0.00476855
20.325 -78.146 7.01565e-05 0.00474172
20.35 -78.1418 7.01527e-05 0.00471505
20.375 -78.1377 7.01489e-05 0.00468853
20.4 -78.1335 7.01452e-05 0.00466215
20.425 -78.1293 7.01416e-05 0.00463593
20.45 -78.1251 7.01381e-05 0.00460986
20.475 -78.1209 7.01347e-05 0.00458393
20.5 -78.1167 7.01314e-05 0.00455815
20.525 -78.1125 7.01281e-05 0.00453251
20.55 -78.1083 7.0125e-05 0.00450702
20.575 -78.1041 7.01219e-05 0.00448167
20.6 -78.0999 7.01189e-05 0.00445647
20.625 -78.0957 7.0116e-05 0.00443141
20.65 -78.0915 7.01131e-05 0.00440649
20.675 -78.0872 7.01103e-05 0.00438171
20.7 -78.083 7.01076e-05 0.00435707
20.725 -78.0788 7.01049e-05 0.00433257
20.75 -78.0746 7.01023e-05 0.0043082
20.775 -78.0703 7.00998e-05 0.00428398
20.8 -78.0661 7.00973e-05 0.00425989
20.825 -78.0619 7.00949e-05 0.00423593
20.85 -78.0576 7.00926e-05 0.00421211
20.875 -78.0534 7.00903e-05 0.00418843
20.9 -78.0491 7.00881e-05 0.00416488
20.925 -78.0449 7.00859e-05 0.00414146
20.95 -78.0406 7.00838e-05 0.00411817
20.975 -78.0364 7.00817e-05 0.00409501
21 -78.0321 7.00797e-05 0.00407199
21.025 -78.0279 7.00777e-05 0.00404909
21.05 -78.0236 7.00758e-05 0.00402632
21.075 -78.0193 7.00739e-05 0.00400368
21.1 -78.0151 7.00721e-05 0.00398117
21.125 -78.0108 7.00703e-05 0.00395878
21.15 -78.0065 7.00686e-05 0.00393652
21.175 -78.0023 7.00669e-05 0.00391439
21.2 -77.998 7.00652e-05 0.00389238
21.225 -77.9937 7.00636e-05 0.00387049
21.25 -77.9894 7.00621e-05 0.00384872
21.275 -77.9851 7.00605e-05 0.00382708
21.3 -77.9808 7.0059e-05 0.00380556
21.325 -77.9766 7.00576e-05 0.00378416
21.35 -77.9723 7.00562e-05 0.00376288
21.375 -77.968 7.00548e-05 0.00374172
21.4 -77.9637 7.00534e-05 0.00372067
21.425 -77.9594 7.00521e-05 0.00369975
21.45 -77.9551 7.00508e-05 0.00367894
21.475 -77.9508 7.00496e-05 0.00365825
21.5 -77.9465 7.00483e-05 0.00363768
21.525 -77.9422 7.00471e-05 0.00361722
21.55 -77.9379 7.0046e-05 0.00359687
21.575 -77.9336 7.00448e-05 0.00357664
21.6 -77.9293 7.00437e-05 0.00355653
21.625 -77.925 7.00427e-05 0.00353652
21.65 -77.9206 7.00416e-05 0.00351663
21.675 -77.9163 7.00406e-05 0.00349685
21.7 -77.912 7.00396e-05 0.00347718
21.725 -77.9077 7.00386e-05 0.00345762
21.75 -77.9034 7.00376e-05 0.00343817
21.775 -77.8991 7.00367e-05 0.00341883
21.8 -77.8947 7.00358e-05 0.00339959
21.825 -77.8904 7.00349e-05 0.00338047
21.85 -77.8861 7.00341e-05 0.00336145
21.875 -77.8818 7.00332e-05 0.00334254
21.9 -77.8774 7.00324e-05 0.00332373
21.925 -77.8731 7.00316e-05 0.00330503
21.95 -77.8688 7.00308e-05 0.00328643
21.975 -77.8645 7.00301e-05 0.00326794
22 -77.8601 7.00293e-05 0.00324955
22.025 -77.8558 7.00286e-05 0.00323126
22.05 -77.8515 7.00279e-05 0.00321308
22.075 -77.8471 7.00272e-05 0.003195
22.1 -77.8428 7.00265e-05 0.00317701
22.125 -77.8384 7.00259e-05 0.00315913
22.15 -77.8341 7.00252e-05 0.00314135
22.175 -77.8298 7.00246e-05 0.00312367
22.2 -77.8254 7.0024e-05 0.00310609
22.225 -77.8211 7.00234e-05 0.0030886
22.25 -77.8167 7.00228e-05 0.00307122
22.275 -77.8124 7.00223e-05 0.00305393
22.3 -77.808 7.00217e-05 0.00303674
22.325 -77.8037 7.00212e-05 0.00301964
22.35 -77.7994 7.00207e-05 0.00300264
22.375 -77.795 7.00201e-05 0.00298573
22.4 -77.7907 7.00197e-05 0.00296892
22.425 -77.7863 7.00192e-05 0.0029522
22.45 -77.782 7.00187e-05 0.00293558
22.475 -77.7776 7.00182e-05 0.00291904
22.5 -77.7733 7.00178e-05 0.0029026
22.525 -77.7689 7.00173e-05 0.00288626
22.55 -77.7646 7.00169e-05 0.00287
22.575 -77.7602 7.00165e-05 0.00285384
22.6 -77.7558 7.00161e-05 0.00283776
22.625 -77.7515 7.00157e-05 0.00282177
22.65 -77.7471 7.00153e-05 0.00280588
22.675 -77.7428 7.00149e-05 0.00279007
22.7 -77.7384 7.00146e-05 0.00277435
22.725 -77.7341 7.00142e-05 0.00275872
22.75 -77.7297 7.00138e-05 0.00274318
22.775 -77.7254 7.00135e-05 0.00272772
22.8 -77.721 7.00132e-05 0.00271235
22.825 -77.7166 7.00128e-05 0.00269706
22.85 -77.7123 7.00125e-05 0.00268186
22.875 -77.7079 7.00122e-05 0.00266675
22.9 -77.7036 7.00119e-05 0.00265172
22.925 -77.6992 7.00116e-05 0.00263677
22.95 -77.6948 7.00113e-05 0.00262191
22.975 -77.6905 7.00111e-05 0.00260712
23 -77.6861 7.00108e-05 0.00259243
23.025 -77.6818 7.00105e-05 0.00257781
23.05 -77.6774 7.00103e-05 0.00256328
23.075 -77.673 7.001e-05 0.00254882
23.1 -77.6687 7.00098e-05 0.00253445
23.125 -77.6643 7.00095e-05 0.00252016
23.15 -77.66 7.00093e-05 0.00250594
23.175 -77.6556 7.00091e-05 0.00249181
23.2 -77.6512 7.00088e-05 0.00247776
23.225 -77.6469 7.00086e-05 0.00246378
23.25 -77.6425 7.00084e-05 0.00244988
23.275 -77.6381 7.00082e-05 0.00243606
23.3 -77.6338 7.0008e-05 0.00242232
23.325 -77.6294 7.00078e-05 0.00240865
23.35 -77.6251 7.00076e-05 0.00239506
23.375 -77.6207 7.00074e-05 0.00238155
23.4 -77.6163 7.00072e-05 0.00236811
23.425 -77.612 7.00071e-05 0.00235474
23.45 -77.6076 7.00069e-05 0.00234145
23.475 -77.6032 7.00067e-05 0.00232824
23.5 -77.5989 7.00065e-05 0.0023151
23.525 -77.5945 7.00064e-05 0.00230203
23.55 -77.5902 7.00062e-05 0.00228903
23.575 -77.5858 7.00061e-05 0.00227611
23.6 -77.5814 7.00059e-05 0.00226326
23.625 -77.5771 7.00058e-05 0.00225048
23.65 -77.5727 7.00056e-05 0.00223777
23.675 -77.5684 7.00055e-05 0.00222514
23.7 -77.564 7.00054e-05 0.00221257
23.725 -77.5596 7.00052e-05 0.00220007
23.75 -77.5553 7.00051e-05 0.00218765
23.775 -77.5509 7.0005e-05 0.00217529
23.8 -77.5466 7.00048e-05 0.002163
23.825 -77.5422 7.00047e-05 0.00215078
23.85 -77.5378 7.00046e-05 0.00213863
23.875 -77.5335 7.00045e-05 0.00212655
23.9 -77.5291 7.00044e-05 0.00211453
23.925 -77.5248 7.00043e-05 0.00210258
23.95 -77.5204 7.00042e-05 0.0020907
23.975 -77.5161 7.00041e-05 0.00207888
24 -77.5117 7.0004e-05 0.00206713
24.025 -77.5073 7.00039e-05 0.00205545
24.05 -77.503 7.00038e-05 0.00204383
24.075 -77.4986 7.00037e-05 0.00203227
24.1 -77.4943 7.00036e-05 0.00202078
24.125 -77.4899 7.00035e-05 0.00200936
24.15 -77.4856 7.00034e-05 0.001998
24.175 -77.4812 7.00033e-05 0.0019867
24.2 -77.4769 7.00032e-05 0.00197546
24.225 -77.4725 7.00032e-05 0.00196429
24.25 -77.4682 7.00031e-05 0.00195318
24.275 -77.4638 7.0003e-05 0.00194213
24.3 -77.4595 7.00029e-05 0.00193114
24.325 -77.4551 7.00029e-05 0.00192022
24.35 -77.4508 7.00028e-05 0.00190935
24.375 -77.4464 7.00027e-05 0.00189855
24.4 -77.4421 7.00027e-05 0.00188781
24.425 -77.4377 7.00026e-05 0.00187712
24.45 -77.4334 7.00025e-05 0.0018665
24.475 -77.429 7.00025e-05 0.00185594
24.5 -77.4247 7.00024e-05 0.00184543
24.525 -77.4204 7.00023e-05 0.00183498
24.55 -77.416 7.00023e-05 0.0018246
24.575 -77.4117 7.00022e-05 0.00181427
24.6 -77.4073 7.00022e-05 0.00180399
24.625 -77.403 7.00021e-05 0.00179378
24.65 -77.3987 7.00021e-05 0.00178362
24.675 -77.3943 7.0002e-05 0.00177352
24.7 -77.39 7.0002e-05 0.00176347
24.725 -77.3856 7.00019e-05 0.00175349
24.75 -77.3813 7.00019e-05 0.00174355
24.775 -77.377 7.00018e-05 0.00173368
24.8 -77.3726 7.00018e-05 0.00172385
24.825 -77.3683 7.00017e-05 0.00171409
24.85 -77.364 7.00017e-05 0.00170437
24.875 -77.3596 7.00017e-05 0.00169471
24.9 -77.3553 7.00016e-05 0.00168511
24.925 -77.351 7.00016e-05 0.00167556
24.95 -77.3467 7.00015e-05 0.00166606
24.975 -77.3423 7.00015e-05 0.00165662
25 -77.338 7.00015e-05 0.00164723
25.025 -77.3337 7.00014e-05 0.00163789
25.05 -77.3294 7.00014e-05 0.0016286
25.075 -77.325 7.00014e-05 0.00161937
25.1 -77.3207 7.00013e-05 0.00161018
25.125 -77.3164 7.00013e-05 0.00160105
25.15 -77.3121 7.00013e-05 0.00159197
25.175 -77.3077 7.00012e-05 0.00158294
25.2 -77.3034 7.00012e-05 0.00157396
25.225 -77.2991 7.00012e-05 0.00156503
25.25 -77.2948 7.00011e-05 0.00155615
25.275 -77.2905 7.00011e-05 0.00154732
25.3 -77.2862 7.00011e-05 0.00153854
25.325 -77.2819 7.00011e-05 0.00152981
25.35 -77.2775 7.0001e-05 0.00152113
25.375 -77.2732 7.0001e-05 0.0015125
25.4 -77.2689 7.0001e-05 0.00150391
25.425 -77.2646 7.0001e-05 0.00149537
25.45 -77.2603 7.00009e-05 0.00148688
25.475 -77.256 7.00009e-05 0.00147844
25.5 -77.2517 7.00009e-05 0.00147005
25.525 -77.2474 7.00009e-05 0.0014617
25.55 -77.2431 7.00008e-05 0.0014534
25.575 -77.2388 7.00008e-05 0.00144514
25.6 -77.2345 7.00008e-05 0.00143693
25.625 -77.2302 7.00008e-05 0.00142877
25.65 -77.2259 7.00008e-05 0.00142066
25.675 -77.2216 7.00007e-05 0.00141258
25.7 -77.2173 7.00007e-05 0.00140456
25.725 -77.213 7.00007e-05 0.00139658
25.75 -77.2087 7.00007e-05 0.00138864
25.775 -77.2044 7.00007e-05 0.00138075
25.8 -77.2001 7.00007e-05 0.0013729
25.825 -77.1959 7.00006e-05 0.0013651
25.85 -77.1916 7.00006e-05 0.00135734
25.875 -77.1873 7.00006e-05 0.00134962
25.9 -77.183 7.00006e-05 0.00134195
25.925 -77.1787 7.00006e-05 0.00133432
25.95 -77.1744 7.00006e-05 0.00132673
25.975 -77.1702 7.00006e-05 0.00131918
26 -77.1659 7.00005e-05 0.00131168
26.025 -77.1616 7.00005e-05 0.00130422
26.05 -77.1573 7.00005e-05 0.0012968
26.075 -77.153 7.00005e-05 0.00128942
26.1 -77.1488 7.00005e-05 0.00128209
26.125 -77.1445 7.00005e-05 0.00127479
26.15 -77.1402 7.00005e-05 0.00126754
26.175 -77.136 7.00005e-05 0.00126033
26.2 -77.1317 7.00004e-05 0.00125315
26.225 -77.1274 7.00004e-05 0.00124602
26.25 -77.1232 7.00004e-05 0.00123893
26.275 -77.1189 7.00004e-05 0.00123188
26.3 -77.1146 7.00004e-05 0.00122486
26.325 -77.1104 7.00004e-05 0.00121789
26.35 -77.1061 7.00004e-05 0.00121095
26.375 -77.1019 7.00004e-05 0.00120406
26.4 -77.0976 7.00004e-05 0.0011972
26.425 -77.0933 7.00004e-05 0.00119038
26.45 -77.0891 7.00003e-05 0.0011836
26.475 -77.0848 7.00003e-05 0.00117686
26.5 -77.0806 7.00003e-05 0.00117016
26.525 -77.0763 7.00003e-05 0.00116349
26.55 -77.0721 7.00003e-05 0.00115686
26.575 -77.0679 7.00003e-05 0.00115027
26.6 -77.0636 7.00003e-05 0.00114371
26.625 -77.0594 7.00003e-05 0.00113719
26.65 -77.0551 7.00003e-05 0.00113071
26.675 -77.0509 7.00003e-05 0.00112427
26.7 -77.0466 7.00003e-05 0.00111786
26.725 -77.0424 7.00003e-05 0.00111148
26.75 -77.0382 7.00003e-05 0.00110515
26.775 -77.0339 7.00002e-05 0.00109885
26.8 -77.0297 7.00002e-05 0.00109258
26.825 -77.0255 7.00002e-05 0.00108635
26.85 -77.0213 7.00002e-05 0.00108015
26.875 -77.017 7.00002e-05 0.00107399
26.9 -77.0128 7.00002e-05 0.00106786
26.925 -77.0086 7.00002e-05 0.00106177
26.95 -77.0044 7.00002e-05 0.00105571
26.975 -77.0001 7.00002e-05 0.00104969
27 -76.9959 7.00002e-05 0.0010437
27.025 -76.9917 7.00002e-05 0.00103774
27.05 -76.9875 7.00002e-05 0.00103182
27.075 -76.9833 7.00002e-05 0.00102593
27.1 -76.9791 7.00002e-05 0.00102007
27.125 -76.9749 7.00002e-05 0.00101425
27.15 -76.9706 7.00002e-05 0.00100846
27.175 -76.9664 7.00002e-05 0.0010027
27.2 -76.9622 7.00002e-05 0.000996976
27.225 -76.958 7.00002e-05 0.000991283
27.25 -76.9538 7.00002e-05 0.000985621
27.275 -76.9496 7.00002e-05 0.000979992
27.3 -76.9454 7.00001e-05 0.000974394
27.325 -76.9412 7.00001e-05 0.000968827
27.35 -76.937 7.00001e-05 0.000963292
27.375 -76.9328 7.00001e-05 0.000957788
27.4 -76.9286 7.00001e-05 0.000952315
27.425 -76.9245 7.00001e-05 0.000946873
27.45 -76.9203 7.00001e-05 0.000941462
27.475 -76.9161 7.00001e-05 0.000936081
27.5 -76.9119 7.00001e-05 0.00093073
27.525 -76.9077 7.00001e-05 0.000925409
27.55 -76.9035 7.00001e-05 0.000920119
27.575 -76.8994 7.00001e-05 0.000914858
27.6 -76.8952 7.00001e-05 0.000909627
27.625 -76.891 7.00001e-05 0.000904425
27.65 -76.8868 7.00001e-05 0.000899253
27.675 -76.8827 7.00001e-05 0.000894109
27.7 -76.8785 7.00001e-05 0.000888995
27.725 -76.8743 7.00001e-05 0.00088391
27.75 -76.8702 7.00001e-05 0.000878853
27.775 -76.866 7.00001e-05 0.000873825
27.8 -76.8618 7.00001e-05 0.000868825
27.825 -76.8577 7.00001e-05 0.000863853
27.85 -76.8535 7.00001e-05 0.000858909
27.875 -76.8493 7.00001e-05 0.000853994
27.9 -76.8452 7.00001e-05 0.000849106
27.925 -76.841 7.00001e-05 0.000844245
27.95 -76.8369 7.00001e-05 0.000839412
27.975 -76.8327 7.00001e-05 0.000834606
28 -76.8286 7.00001e-05 0.000829827
28.025 -76.8244 7.00001e-05 0.000825076
28.05 -76.8203 7.00001e-05 0.000820351
28.075 -76.8161 7.00001e-05 0.000815653
28.1 -76.812 7.00001e-05 0.000810981
28.125 -76.8079 7.00001e-05 0.000806335
28.15 -76.8037 7.00001e-05 0.000801716
28.175 -76.7996 7.00001e-05 0.000797123
28.2 -76.7955 7.00001e-05 0.000792556
28.225 -76.7913 7.00001e-05 0.000788015
28.25 -76.7872 7.00001e-05 0.000783499
28.275 -76.7831 7.00001e-05 0.000779009
28.3 -76.7789 7.00001e-05 0.000774544
28.325 -76.7748 7.00001e-05 0.000770104
28.35 -76.7707 7.00001e-05 0.00076569
28.375 -76.7666 7.00001e-05 0.0007613
28.4 -76.7625 7e-05 0.000756935
28.425 -76.7583 7e-05 0.000752595
28.45 -76.7542 7e-05 0.000748279
28.475 -76.7501 7e-05 0.000743988
28.5 -76.746 7e-05 0.000739721
28.525 -76.7419 7e-05 0.000735478
28.55 -76.7378 7e-05 0.00073126
28.575 -76.7337 7e-05 0.000727065
28.6 -76.7296 7e-05 0.000722893
28.625 -76.7255 7e-05 0.000718746
28.65 -76.7214 7e-05 0.000714621
28.675 -76.7173 7e-05 0.00071052
28.7 -76.7132 7e-05 0.000706443
28.725 -76.7091 7e-05 0.000702388
28.75 -76.705 7e-05 0.000698356
28.775 -76.7009 7e-05 0.000694347
28.8 -76.6968 7e-05 0.000690361
28.825 -76.6927 7e-05 0.000686397
28.85 -76.6886 7e-05 0.000682456
28.875 -76.6846 7e-05 0.000678537
28.9 -76.6805 7e-05 0.00067464
28.925 -76.6764 7e-05 0.000670766
28.95 -76.6723 7e-05 0.000666913
28.975 -76.6683 7e-05 0.000663082
29 -76.6642 7e-05 0.000659273
29.025 -76.6601 7e-05 0.000655485
29.05 -76.656 7e-05 0.000651719
29.075 -76.652 7e-05 0.000647974
29.1 -76.6479 7e-05 0.00064425
29.125 -76.6438 7e-05 0.000640548
29.15 -76.6398 7e-05 0.000636866
29.175 -76.6357 7e-05 0.000633205
29.2 -76.6317 7e-05 0.000629565
29.225 -76.6276 7e-05 0.000625946
29.25 -76.6236 7e-05 0.000622347
29.275 -76.6195 7e-05 0.000618769
29.3 -76.6155 7e-05 0.00061521
29.325 -76.6114 7e-05 0.000611672
29.35 -76.6074 7e-05 0.000608154
29.375 -76.6033 7e-05 0.000604656
29.4 -76.5993 7e-05 0.000601178
29.425 -76.5953 7e-05 0.00059772
29.45 -76.5912 7e-05 0.000594281
29.475 -76.5872 7e-05 0.000590862
29.5 -76.5831 7e-05 0.000587462
29.525 -76.5791 7e-05 0.000584081
29.55 -76.5751 7e-05 0.00058072
29.575 -76.5711 7e-05 0.000577377
29.6 -76.567 7e-05 0.000574054
29.625 -76.563 7e-05 0.000570749
29.65 -76.559 7e-05 0.000567464
29.675 -76.555 7e-05 0.000564197
29.7 -76.551 7e-05 0.000560948
29.725 -76.5469 7e-05 0.000557718
29.75 -76.5429 7e-05 0.000554506
29.775 -76.5389 7e-05 0.000551312
29.8 -76.5349 7e-05 0.000548137
29.825 -76.5309 7e-05 0.00054498
29.85 -76.5269 7e-05 0.00054184
29.875 -76.5229 7e-05 0.000538719
29.9 -76.5189 7e-05 0.000535615
29.925 -76.5149 7e-05 0.000532528
29.95 -76.5109 7e-05 0.00052946
29.975 -76.5069 7e-05 0.000526408
