0 -70 7e-05 3.8279e-06
0.025 -70.0001 7e-05 3.82789e-06
0.05 -70.0001 7e-05 3.82788e-06
0.075 -70.0001 7e-05 3.82787e-06
0.1 -70.0002 7e-05 3.82786e-06
0.125 -70.0002 7e-05 3.82785e-06
0.15 -70.0002 7e-05 3.82784e-06
0.175 -70.0002 7e-05 3.82784e-06
0.2 -70.0002 7e-05 3.82783e-06
0.225 -70.0003 7e-05 3.82783e-06
0.25 -70.0003 7e-05 3.82782e-06
0.275 -70.0003 7e-05 3.82781e-06
0.3 -70.0003 7e-05 3.82781e-06
0.325 -70.0003 7e-05 3.8278e-06
0.35 -70.0003 7e-05 3.8278e-06
0.375 -70.0004 7e-05 3.82779e-06
0.4 -70.0004 7e-05 3.82779e-06
0.425 -70.0004 7e-05 3.82778e-06
0.45 -70.0004 7e-05 3.82778e-06
0.475 -70.0004 7e-05 3.82777e-06
0.5 -70.0004 7e-05 3.82777e-06
0.525 -70.0004 7e-05 3.82776e-06
0.55 -70.0004 7e-05 3.82776e-06
0.575 -70.0005 7e-05 3.82775e-06
0.6 -70.0005 7e-05 3.82775e-06
0.625 -70.0005 7e-05 3.82774e-06
0.65 -70.0005 7e-05 3.82774e-06
0.675 -70.0005 7e-05 3.82774e-06
0.7 -70.0005 7e-05 3.82773e-06
0.725 -70.0005 7e-05 3.82773e-06
0.75 -70.0005 7e-05 3.82772e-06
0.775 -70.0005 7e-05 3.82772e-06
0.8 -70.0005 7e-05 3.82771e-06
0.825 -70.0005 7e-05 3.82771e-06
0.85 -70.0006 7e-05 3.8277e-06
0.875 -70.0006 7e-05 3.8277e-06
0.9 -70.0006 7e-05 3.8277e-06
0.925 -70.0006 7e-05 3.82769e-06
0.95 -70.0006 7e-05 3.82769e-06
0.975 -70.0006 7e-05 3.82768e-06
1 -70.0006 7e-05 3.82768e-06
1.025 -70.0006 7e-05 3.82768e-06
1.05 -70.0006 7e-05 3.82767e-06
1.075 -70.0006 7e-05 3.82767e-06
1.1 -70.0006 7e-05 3.82766e-06
1.125 -70.0006 7e-05 3.82766e-06
1.15 -70.0006 7e-05 3.82766e-06
1.175 -70.0007 7e-05 3.82765e-06
1.2 -70.0007 7e-05 3.82765e-06
1.225 -70.0007 7e-05 3.82765e-06
1.25 -70.0007 7e-05 3.82764e-06
1.275 -70.0007 7e-05 3.82764e-06
1.3 -70.0007 7e-05 3.82763e-06
1.325 -70.0007 7e-05 3.82763e-06
1.35 -70.0007 7e-05 3.82763e-06
1.375 -70.0007 7e-05 3.82762e-06
1.4 -70.0007 7e-05 3.82762e-06
1.425 -70.0007 7e-05 3.82762e-06
1.45 -70.0007 7e-05 3.82761e-06
1.475 -70.0007 7e-05 3.82761e-06
1.5 -70.0007 7e-05 3.82761e-06
1.525 -70.0007 7e-05 3.8276e-06
1.55 -70.0008 7e-05 3.8276e-06
1.575 -70.0008 7e-05 3.8276e-06
1.6 -70.0008 7e-05 3.82759e-06
1.625 -70.0008 7e-05 3.82759e-06
1.65 -70.0008 7e-05 3.82759e-06
1.675 -70.0008 7e-05 3.82758e-06
1.7 -70.0008 7e-05 3.82758e-06
1.725 -70.0008 7e-05 3.82758e-06
1.75 -70.0008 7e-05 3.82757e-06
1.775 -70.0008 7e-05 3.82757e-06
1.8 -70.0008 7e-05 3.82757e-06
1.825 -70.0008 7e-05 3.82756e-06
1.85 -70.0008 7e-05 3.82756e-06
1.875 -70.0008 7e-05 3.82756e-06
1.9 -70.0008 7e-05 3.82755e-06
1.925 -70.0008 7e-05 3.82755e-06
1.95 -70.0008 7e-05 3.82755e-06
1.975 -70.0008 7e-05 3.82754e-06
2 -70.0009 7e-05 3.82754e-06
2.025 -70.0009 7e-05 3.82754e-06
2.05 -70.0009 7e-05 3.82754e-06
2.075 -70.0009 7e-05 3.82753e-06
2.1 -70.0009 7e-05 3.82753e-06
2.125 -70.0009 7e-05 3.82753e-06
2.15 -70.0009 7e-05 3.82752e-06
2.175 -70.0009 7e-05 3.82752e-06
2.2 -70.0009 7e-05 3.82752e-06
2.225 -70.0009 7e-05 3.82752e-06
2.25 -70.0009 7e-05 3.82751e-06
2.275 -70.0009 7e-05 3.82751e-06
2.3 -70.0009 7e-05 3.82751e-06
2.325 -70.0009 7e-05 3.8275e-06
2.35 -70.0009 7e-05 3.8275e-06
2.375 -70.0009 7e-05 3.8275e-06
2.4 -70.0009 7e-05 3.8275e-06
2.425 -70.0009 7e-05 3.82749e-06
2.45 -70.0009 7e-05 3.82749e-06
2.475 -70.0009 7e-05 3.82749e-06
2.5 -70.0009 7e-05 3.82749e-06
2.525 -70.001 7e-05 3.82748e-06
2.55 -70.001 7e-05 3.82748e-06
2.575 -70.001 7e-05 3.82748e-06
2.6 -70.001 7e-05 3.82747e-06
2.625 -70.001 7e-05 3.82747e-06
2.65 -70.001 7e-05 3.82747e-06
2.675 -70.001 7e-05 3.82747e-06
2.7 -70.001 7e-05 3.82746e-06
2.725 -70.001 7e-05 3.82746e-06
2.75 -70.001 7e-05 3.82746e-06
2.775 -70.001 7e-05 3.82746e-06
2.8 -70.001 7e-05 3.82745e-06
2.825 -70.001 7e-05 3.82745e-06
2.85 -70.001 7e-05 3.82745e-06
2.875 -70.001 7e-05 3.82745e-06
2.9 -70.001 7e-05 3.82744e-06
2.925 -70.001 7e-05 3.82744e-06
2.95 -70.001 7e-05 3.82744e-06
2.975 -70.001 7e-05 3.82744e-06
3 -70.001 7e-05 3.82743e-06
3.025 -70.001 7e-05 3.82743e-06
3.05 -70.001 7e-05 3.82743e-06
3.075 -70.0011 7e-05 3.82743e-06
3.1 -70.0011 7e-05 3.82743e-06
3.125 -70.0011 7e-05 3.82742e-06
3.15 -70.0011 7e-05 3.82742e-06
3.175 -70.0011 7e-05 3.82742e-06
3.2 -70.0011 7e-05 3.82742e-06
3.225 -70.0011 7e-05 3.82741e-06
3.25 -70.0011 7e-05 3.82741e-06
3.275 -70.0011 7e-05 3.82741e-06
3.3 -70.0011 7e-05 3.82741e-06
3.325 -70.0011 7e-05 3.8274e-06
3.35 -70.0011 7e-05 3.8274e-06
3.375 -70.0011 7e-05 3.8274e-06
3.4 -70.0011 7e-05 3.8274e-06
3.425 -70.0011 7e-05 3.8274e-06
3.45 -70.0011 7e-05 3.82739e-06
3.475 -70.0011 7e-05 3.82739e-06
3.5 -70.0011 7e-05 3.82739e-06
3.525 -70.0011 7e-05 3.82739e-06
3.55 -70.0011 7e-05 3.82738e-06
3.575 -70.0011 7e-05 3.82738e-06
3.6 -70.0011 7e-05 3.82738e-06
3.625 -70.0011 7e-05 3.82738e-06
3.65 -70.0011 7e-05 3.82738e-06
3.675 -70.0011 7e-05 3.82737e-06
3.7 -70.0012 7e-05 3.82737e-06
3.725 -70.0012 7e-05 3.82737e-06
3.75 -70.0012 7e-05 3.82737e-06
3.775 -70.0012 7e-05 3.82736e-06
3.8 -70.0012 7e-05 3.82736e-06
3.825 -70.0012 7e-05 3.82736e-06
3.85 -70.0012 7e-05 3.82736e-06
3.875 -70.0012 7e-05 3.82736e-06
3.9 -70.0012 7e-05 3.82735e-06
3.925 -70.0012 7e-05 3.82735e-06
3.95 -70.0012 7e-05 3.82735e-06
3.975 -70.0012 7e-05 3.82735e-06
4 -70.0012 7e-05 3.82735e-06
4.025 -70.0012 7e-05 3.82734e-06
4.05 -70.0012 7e-05 3.82734e-06
4.075 -70.0012 7e-05 3.82734e-06
4.1 -70.0012 7e-05 3.82734e-06
4.125 -70.0012 7e-05 3.82734e-06
4.15 -70.0012 7e-05 3.82733e-06
4.175 -70.0012 7e-05 3.82733e-06
4.2 -70.0012 7e-05 3.82733e-06
4.225 -70.0012 7e-05 3.82733e-06
4.25 -70.0012 7e-05 3.82733e-06
4.275 -70.0012 7e-05 3.82732e-06
4.3 -70.0012 7e-05 3.82732e-06
4.325 -70.0012 7e-05 3.82732e-06
4.35 -70.0012 7e-05 3.82732e-06
4.375 -70.0013 7e-05 3.82732e-06
4.4 -70.0013 7e-05 3.82731e-06
4.425 -70.0013 7e-05 3.82731e-06
4.45 -70.0013 7e-05 3.82731e-06
4.475 -70.0013 7e-05 3.82731e-06
4.5 -70.0013 7e-05 3.82731e-06
4.525 -70.0013 7e-05 3.8273e-06
4.55 -70.0013 7e-05 3.8273e-06
4.575 -70.0013 7e-05 3.8273e-06
4.6 -70.0013 7e-05 3.8273e-06
4.625 -70.0013 7e-05 3.8273e-06
4.65 -70.0013 7e-05 3.82729e-06
4.675 -70.0013 7e-05 3.82729e-06
4.7 -70.0013 7e-05 3.82729e-06
4.725 -70.0013 7e-05 3.82729e-06
4.75 -70.0013 7e-05 3.82729e-06
4.775 -70.0013 7e-05 3.82729e-06
4.8 -70.0013 7e-05 3.82728e-06
4.825 -70.0013 7e-05 3.82728e-06
4.85 -70.0013 7e-05 3.82728e-06
4.875 -70.0013 7e-05 3.82728e-06
4.9 -70.0013 7e-05 3.82728e-06
4.925 -70.0013 7e-05 3.82727e-06
4.95 -70.0013 7e-05 3.82727e-06
4.975 -70.0013 7e-05 3.82727e-06
5 -70.0013 7e-05 3.82727e-06
5.025 -66.4321 7e-05 4.73803e-06
5.05 -63.7169 7e-05 5.46529e-06
5.075 -61.4318 7e-05 6.12466e-06
5.1 -59.4278 7e-05 6.76019e-06
5.125 -57.6282 7e-05 7.39655e-06
5.15 -55.9857 7e-05 8.05032e-06
5.175 -54.4681 7.00001e-05 8.73394e-06
5.2 -53.0518 7.00001e-05 9.45736e-06
5.225 -51.7187 7.00002e-05 1.02291e-05
5.25 -50.4542 7.00003e-05 1.10569e-05
5.275 -49.2454 7.00005e-05 1.19483e-05
5.3 -48.0808 7.00008e-05 1.29109e-05
5.325 -46.9486 7.00012e-05 1.39533e-05
5.35 -45.8362 7.00019e-05 1.50855e-05
5.375 -44.7297 7.00029e-05 1.632e-05
5.4 -43.6123 7.00042e-05 1.76729e-05
5.425 -42.4632 7.00062e-05 1.91658e-05
5.45 -41.2559 7.00089e-05 2.0829e-05
5.475 -39.955 7.00128e-05 2.27053e-05
5.5 -38.5114 7.00183e-05 2.48581e-05
5.525 -36.8546 7.00263e-05 2.73845e-05
5.55 -34.8779 7.0038e-05 3.04396e-05
5.575 -32.4148 7.00557e-05 3.42841e-05
5.6 -29.1951 7.00833e-05 3.93828e-05
5.625 -24.7773 7.01291e-05 4.6621e-05
5.65 -18.4832 7.02114e-05 5.77997e-05
5.675 -9.54739 7.03783e-05 7.68112e-05
5.7 1.96498 7.0788e-05 0.000108693
5.725 13.9968 7.21503e-05 0.000153703
5.75 23.8755 7.88366e-05 0.000214931
5.775 30.6013 0.000119139 0.000300505
5.8 34.7717 0.000318107 0.000472567
5.825 37.351 0.000954265 0.00136367
5.85 38.9663 0.00229079 0.00991639
5.875 39.7541 0.00439785 0.0507546
5.9 39.6246 0.00717708 0.139478
5.925 38.6122 0.0104497 0.261425
5.95 36.8666 0.0140463 0.396302
5.975 34.6199 0.0178537 0.523308
6 32.0095 0.0218157 0.640319
6.025 27.0123 0.0259072 0.732874
6.05 22.9924 0.0301226 0.81863
6.075 19.2838 0.0346853 0.895385
6.1 15.7131 0.0394563 0.96172
6.125 12.2556 0.0443874 1.01562
6.15 8.91225 0.0494541 1.05817
6.175 5.69045 0.0546347 1.09059
6.2 2.59603 0.0599053 1.11407
6.225 -0.369703 0.065238 1.12976
6.25 -3.21139 0.0705995 1.13864
6.275 -5.94004 0.0759511 1.14153
6.3 -8.573 0.0812484 1.13904
6.325 -11.1336 0.0864411 1.1316
6.35 -13.6507 0.0914728 1.11942
6.375 -16.158 0.096281 1.10253
6.4 -18.6936 0.100797 1.08079
6.425 -21.2992 0.104943 1.05391
6.45 -24.0191 0.108637 1.0215
6.475 -26.8974 0.111783 0.98313
6.5 -29.9722 0.114282 0.938452
6.525 -33.2649 0.116026 0.887426
6.55 -36.7624 0.116918 0.830647
6.575 -40.3948 0.116887 0.769739
6.6 -44.021 0.115936 0.707587
6.625 -47.4486 0.11418 0.647946
6.65 -50.5022 0.111861 0.594201
6.675 -53.0968 0.109266 0.548064
6.7 -55.2468 0.106607 0.509434
6.725 -57.0198 0.103982 0.477224
6.75 -58.4944 0.101417 0.450126
6.775 -59.7401 0.0989147 0.426967
6.8 -60.8113 0.0964742 0.406826
6.825 -61.7465 0.094094 0.389046
6.85 -62.5713 0.0917725 0.373192
6.875 -63.3029 0.0895084 0.358971
6.9 -63.9537 0.0873001 0.346165
6.925 -64.5343 0.0851464 0.33459
6.95 -65.0545 0.0830458 0.324078
6.975 -65.5231 0.0809972 0.314476
7 -65.9478 0.0789991 0.305651
7.025 -66.335 0.0770503 0.297492
7.05 -66.6899 0.0751497 0.289913
7.075 -67.0165 0.0732959 0.282841
7.1 -67.3181 0.071488 0.276219
7.125 -67.5975 0.0697247 0.27
7.15 -67.857 0.0680049 0.264141
7.175 -68.0988 0.0663276 0.258607
7.2 -68.3246 0.0646917 0.253364
7.225 -68.5361 0.0630961 0.248385
7.25 -68.7347 0.06154 0.243645
7.275 -68.9216 0.0600223 0.239123
7.3 -69.0978 0.0585421 0.234801
7.325 -69.2642 0.0570984 0.230661
7.35 -69.4217 0.0556904 0.22669
7.375 -69.5709 0.0543171 0.222876
7.4 -69.7125 0.0529777 0.219207
7.425 -69.8469 0.0516714 0.215673
7.45 -69.9747 0.0503974 0.212265
7.475 -70.0962 0.0491548 0.208975
7.5 -70.2119 0.0479429 0.205797
7.525 -70.3221 0.0467609 0.202722
7.55 -70.4272 0.0456081 0.199747
7.575 -70.5272 0.0444838 0.196864
7.6 -70.6226 0.0433872 0.194068
7.625 -70.7136 0.0423177 0.191356
7.65 -70.8003 0.0412746 0.188723
7.675 -70.8829 0.0402572 0.186165
7.7 -70.9616 0.039265 0.183677
7.725 -71.0366 0.0382973 0.181257
7.75 -71.108 0.0373535 0.1789
7.775 -71.1759 0.0364329 0.176604
7.8 -71.2406 0.0355351 0.174366
7.825 -71.3021 0.0346595 0.172181
7.85 -71.3606 0.0338055 0.170047
7.875 -71.4162 0.0329725 0.167962
7.9 -71.469 0.0321602 0.165922
7.925 -71.5191 0.0313679 0.163925
7.95 -71.5667 0.0305951 0.161968
7.975 -71.6118 0.0298414 0.160048
8 -71.6546 0.0291064 0.158163
8.025 -71.6952 0.0283895 0.156311
8.05 -71.7336 0.0276903 0.15449
8.075 -71.7699 0.0270083 0.152697
8.1 -71.8043 0.0263432 0.15093
8.125 -71.8368 0.0256945 0.149187
8.15 -71.8675 0.0250618 0.147467
8.175 -71.8965 0.0244448 0.145767
8.2 -71.9238 0.023843 0.144086
8.225 -71.9494 0.023256 0.142423
8.25 -71.9735 0.0226836 0.140775
8.275 -71.996 0.0221252 0.139142
8.3 -72.0171 0.0215807 0.137523
8.325 -72.0367 0.0210496 0.135915
8.35 -72.0549 0.0205316 0.134319
8.375 -72.0717 0.0200264 0.132732
8.4 -72.087 0.0195337 0.131155
8.425 -72.1011 0.0190531 0.129586
8.45 -72.1137 0.0185844 0.128025
8.475 -72.125 0.0181273 0.126471
8.5 -72.1349 0.0176815 0.124923
8.525 -72.1434 0.0172466 0.123382
8.55 -72.1506 0.0168225 0.121846
8.575 -72.1564 0.0164089 0.120315
8.6 -72.1608 0.0160055 0.118789
8.625 -72.1638 0.0156121 0.117267
8.65 -72.1654 0.0152283 0.11575
8.675 -72.1656 0.0148541 0.114238
8.7 -72.1643 0.014489 0.11273
8.725 -72.1615 0.014133 0.111225
8.75 -72.1573 0.0137858 0.109725
8.775 -72.1516 0.0134472 0.10823
8.8 -72.1444 0.0131169 0.106738
8.825 -72.1356 0.0127948 0.10525
8.85 -72.1254 0.0124806 0.103767
8.875 -72.1135 0.0121742 0.102289
8.9 -72.1001 0.0118753 0.100815
8.925 -72.0852 0.0115838 0.0993458
8.95 -72.0686 0.0112996 0.0978815
8.975 -72.0505 0.0110223 0.0964222
9 -72.0307 0.0107519 0.0949682
9.025 -72.0094 0.0104882 0.0935196
9.05 -71.9864 0.0102309 0.0920766
9.075 -71.9618 0.00998005 0.0906392
9.1 -71.9356 0.00973537 0.0892077
9.125 -71.9077 0.00949673 0.0877822
9.15 -71.8782 0.00926399 0.0863629
9.175 -71.8471 0.00903699 0.0849499
9.2 -71.8143 0.00881559 0.0835433
9.225 -71.7799 0.00859966 0.0821431
9.25 -71.7439 0.00838906 0.0807496
9.275 -71.7062 0.00818366 0.0793628
9.3 -71.6669 0.00798334 0.0779827
9.325 -71.6259 0.00778796 0.0766094
9.35 -71.5834 0.0075974 0.075243
9.375 -71.5392 0.00741155 0.0738834
9.4 -71.4934 0.00723028 0.0725308
9.425 -71.4459 0.0070535 0.071185
9.45 -71.3969 0.00688107 0.0698462
9.475 -71.3462 0.00671291 0.0685143
9.5 -71.2941 0.00654889 0.0672019
9.525 -71.241 0.00638893 0.065916
9.55 -71.1868 0.00623291 0.064655
9.575 -71.1319 0.00608075 0.0634179
9.6 -71.0763 0.00593234 0.0622035
9.625 -71.0202 0.0057876 0.061011
9.65 -70.9635 0.00564643 0.0598397
9.675 -70.9064 0.00550875 0.058689
9.7 -70.849 0.00537447 0.0575582
9.725 -70.7913 0.0052435 0.0564468
9.75 -70.7333 0.00511577 0.0553544
9.775 -70.6751 0.00499119 0.0542806
9.8 -70.6168 0.00486968 0.0532249
9.825 -70.5584 0.00475118 0.052187
9.85 -70.4998 0.0046356 0.0511666
9.875 -70.4413 0.00452287 0.0501633
9.9 -70.3827 0.00441293 0.0491769
9.925 -70.3242 0.0043057 0.0482071
9.95 -70.2657 0.00420112 0.0472536
9.975 -70.2073 0.00409913 0.0463161
10 -70.149 0.00399965 0.0453944
10.025 -70.0908 0.00390262 0.0444884
10.05 -70.0328 0.003808 0.0435977
10.075 -69.9749 0.0037157 0.0427222
10.1 -69.9173 0.00362569 0.0418617
10.125 -69.8599 0.0035379 0.0410158
10.15 -69.8028 0.00345228 0.0401846
10.175 -69.7459 0.00336877 0.0393677
10.2 -69.6893 0.00328732 0.038565
10.225 -69.6331 0.00320789 0.0377762
10.25 -69.5772 0.00313041 0.0370013
10.275 -69.5216 0.00305485 0.03624
10.3 -69.4664 0.00298115 0.0354922
10.325 -69.4116 0.00290928 0.0347576
10.35 -69.3571 0.00283918 0.0340361
10.375 -69.3031 0.0027708 0.0333275
10.4 -69.2496 0.00270412 0.0326317
10.425 -69.1964 0.00263908 0.0319485
10.45 -69.1438 0.00257565 0.0312777
10.475 -69.0916 0.00251379 0.0306192
10.5 -69.0399 0.00245345 0.0299727
10.525 -68.9887 0.0023946 0.0293381
10.55 -68.938 0.00233721 0.0287153
10.575 -68.8878 0.00228123 0.0281041
10.6 -68.8382 0.00222664 0.0275043
10.625 -68.7891 0.00217339 0.0269158
10.65 -68.7405 0.00212146 0.0263383
10.675 -68.6925 0.0020708 0.0257719
10.7 -68.6451 0.0020214 0.0252161
10.725 -68.5982 0.00197322 0.0246711
10.75 -68.5519 0.00192623 0.0241364
10.775 -68.5062 0.0018804 0.0236121
10.8 -68.4611 0.0018357 0.0230979
10.825 -68.4166 0.00179211 0.0225938
10.85 -68.3727 0.00174959 0.0220995
10.875 -68.3294 0.00170812 0.0216148
10.9 -68.2867 0.00166768 0.0211397
10.925 -68.2446 0.00162823 0.020674
10.95 -68.2031 0.00158976 0.0202176
10.975 -68.1622 0.00155223 0.0197702
11 -68.122 0.00151564 0.0193318
11.025 -68.0824 0.00147994 0.0189021
11.05 -68.0434 0.00144513 0.0184812
11.075 -68.0051 0.00141118 0.0180687
11.1 -67.9673 0.00137807 0.0176646
11.125 -67.9302 0.00134577 0.0172688
11.15 -67.8937 0.00131427 0.016881
11.175 -67.8578 0.00128355 0.0165012
11.2 -67.8226 0.00125359 0.0161292
11.225 -67.788 0.00122436 0.0157649
11.25 -67.754 0.00119586 0.0154081
11.275 -67.7206 0.00116807 0.0150588
11.3 -67.6878 0.00114095 0.0147168
11.325 -67.6557 0.00111451 0.0143819
11.35 -67.6241 0.00108872 0.014054
11.375 -67.5932 0.00106357 0.0137331
11.4 -67.5629 0.00103904 0.0134189
11.425 -67.5332 0.00101511 0.0131114
11.45 -67.504 0.000991778 0.0128104
11.475 -67.4755 0.00096902 0.0125159
11.5 -67.4476 0.000946823 0.0122276
11.525 -67.4202 0.000925174 0.0119455
11.55 -67.3935 0.00090406 0.0116695
11.575 -67.3673 0.000883467 0.0113995
11.6 -67.3417 0.000863382 0.0111353
11.625 -67.3167 0.000843793 0.0108768
11.65 -67.2922 0.000824688 0.0106239
11.675 -67.2683 0.000806055 0.0103766
11.7 -67.245 0.000787882 0.0101347
11.725 -67.2222 0.000770157 0.00989802
11.75 -67.1999 0.00075287 0.00966658
11.775 -67.1782 0.00073601 0.00944025
11.8 -67.157 0.000719566 0.00921891
11.825 -67.1364 0.000703528 0.00900248
11.85 -67.1163 0.000687887 0.00879084
11.875 -67.0967 0.000672631 0.00858392
11.9 -67.0776 0.000657752 0.00838161
11.925 -67.059 0.00064324 0.00818382
11.95 -67.0409 0.000629087 0.00799046
11.975 -67.0233 0.000615283 0.00780144
12 -67.0062 0.00060182 0.00761667
12.025 -66.9896 0.000588689 0.00743607
12.05 -66.9735 0.000575883 0.00725955
12.075 -66.9578 0.000563392 0.00708702
12.1 -66.9426 0.000551211 0.00691841
12.125 -66.9279 0.000539329 0.00675363
12.15 -66.9136 0.000527742 0.00659261
12.175 -66.8998 0.00051644 0.00643526
12.2 -66.8864 0.000505417 0.0062815
12.225 -66.8734 0.000494667 0.00613127
12.25 -66.8608 0.000484182 0.00598449
12.275 -66.8487 0.000473956 0.00584108
12.3 -66.837 0.000463982 0.00570098
12.325 -66.8257 0.000454254 0.0055641
12.35 -66.8148 0.000444767 0.0054304
12.375 -66.8044 0.000435514 0.00529978
12.4 -66.7942 0.00042649 0.0051722
12.425 -66.7845 0.000417688 0.00504758
12.45 -66.7752 0.000409103 0.00492586
12.475 -66.7662 0.000400731 0.00480698
12.5 -66.7576 0.000392565 0.00469087
12.525 -66.7494 0.000384601 0.00457748
12.55 -66.7415 0.000376833 0.00446674
12.575 -66.734 0.000369258 0.0043586
12.6 -66.7268 0.000361869 0.004253
12.625 -66.7199 0.000354663 0.00414988
12.65 -66.7134 0.000347634 0.00404919
12.675 -66.7072 0.00034078 0.00395087
12.7 -66.7013 0.000334094 0.00385488
12.725 -66.6957 0.000327573 0.00376115
12.75 -66.6904 0.000321214 0.00366965
12.775 -66.6855 0.000315011 0.00358031
12.8 -66.6808 0.000308962 0.00349309
12.825 -66.6764 0.000303062 0.00340795
12.85 -66.6723 0.000297308 0.00332483
12.875 -66.6685 0.000291696 0.00324369
12.9 -66.665 0.000286222 0.00316449
12.925 -66.6617 0.000280883 0.00308718
12.95 -66.6587 0.000275677 0.00301172
12.975 -66.656 0.000270598 0.00293806
13 -66.6535 0.000265646 0.00286617
13.025 -66.6512 0.000260815 0.002796
13.05 -66.6492 0.000256104 0.00272751
13.075 -66.6475 0.000251509 0.00266068
13.1 -66.6459 0.000247027 0.00259545
13.125 -66.6446 0.000242657 0.00253179
13.15 -66.6436 0.000238394 0.00246966
13.175 -66.6427 0.000234236 0.00240903
13.2 -66.6421 0.000230181 0.00234987
13.225 -66.6416 0.000226226 0.00229214
13.25 -66.6414 0.000222369 0.0022358
13.275 -66.6414 0.000218607 0.00218083
13.3 -66.6415 0.000214938 0.00212719
13.325 -66.6419 0.000211359 0.00207485
13.35 -66.6424 0.000207869 0.00202378
13.375 -66.6431 0.000204465 0.00197395
13.4 -66.644 0.000201145 0.00192533
13.425 -66.6451 0.000197907 0.0018779
13.45 -66.6464 0.000194749 0.00183162
13.475 -66.6478 0.000191669 0.00178647
13.5 -66.6493 0.000188665 0.00174242
13.525 -66.6511 0.000185735 0.00169944
13.55 -66.653 0.000182878 0.00165751
13.575 -66.655 0.000180091 0.00161661
13.6 -66.6572 0.000177373 0.00157671
13.625 -66.6595 0.000174722 0.00153778
13.65 -66.662 0.000172136 0.00149981
13.675 -66.6646 0.000169614 0.00146277
13.7 -66.6673 0.000167155 0.00142663
13.725 -66.6701 0.000164756 0.00139138
13.75 -66.6731 0.000162416 0.001357
13.775 -66.6762 0.000160135 0.00132346
13.8 -66.6794 0.000157909 0.00129074
13.825 -66.6828 0.000155739 0.00125883
13.85 -66.6862 0.000153622 0.0012277
13.875 -66.6898 0.000151557 0.00119734
13.9 -66.6935 0.000149544 0.00116773
13.925 -66.6972 0.00014758 0.00113884
13.95 -66.7011 0.000145664 0.00111067
13.975 -66.705 0.000143796 0.00108319
14 -66.7091 0.000141974 0.00105639
14.025 -66.7133 0.000140197 0.00103025
14.05 -66.7175 0.000138464 0.00100476
14.075 -66.7218 0.000136773 0.000979897
14.1 -66.7262 0.000135125 0.000955647
14.125 -66.7307 0.000133517 0.000931996
14.15 -66.7352 0.000131949 0.00090893
14.175 -66.7399 0.000130419 0.000886435
14.2 -66.7446 0.000128927 0.000864496
14.225 -66.7494 0.000127472 0.000843101
14.25 -66.7542 0.000126053 0.000822235
14.275 -66.7591 0.000124669 0.000801886
14.3 -66.7641 0.00012332 0.000782041
14.325 -66.7691 0.000122003 0.000762688
14.35 -66.7742 0.000120719 0.000743815
14.375 -66.7793 0.000119467 0.00072541
14.4 -66.7845 0.000118246 0.000707462
14.425 -66.7898 0.000117054 0.000689959
14.45 -66.7951 0.000115893 0.00067289
14.475 -66.8004 0.00011476 0.000656246
14.5 -66.8058 0.000113654 0.000640014
14.525 -66.8113 0.000112577 0.000624186
14.55 -66.8168 0.000111525 0.000608752
14.575 -66.8223 0.0001105 0.000593701
14.6 -66.8278 0.0001095 0.000579024
14.625 -66.8334 0.000108525 0.000564712
14.65 -66.8391 0.000107574 0.000550756
14.675 -66.8447 0.000106646 0.000537147
14.7 -66.8504 0.000105741 0.000523877
14.725 -66.8561 0.000104859 0.000510938
14.75 -66.8619 0.000103998 0.00049832
14.775 -66.8677 0.000103159 0.000486016
14.8 -66.8735 0.00010234 0.000474019
14.825 -66.8793 0.000101542 0.000462321
14.85 -66.8852 0.000100763 0.000450914
14.875 -66.891 0.000100003 0.000439791
14.9 -66.8969 9.92625e-05 0.000428946
14.925 -66.9028 9.854e-05 0.000418371
14.95 -66.9088 9.78353e-05 0.000408059
14.975 -66.9147 9.71481e-05 0.000398004
15 -66.9207 9.64778e-05 0.000388201
15.025 -66.9266 9.5824e-05 0.000378641
15.05 -66.9326 9.51864e-05 0.00036932
15.075 -66.9386 9.45646e-05 0.000360232
15.1 -66.9446 9.39581e-05 0.00035137
15.125 -66.9506 9.33666e-05 0.000342729
15.15 -66.9567 9.27896e-05 0.000334304
15.175 -66.9627 9.2227e-05 0.00032609
15.2 -66.9687 9.16782e-05 0.00031808
15.225 -66.9747 9.11429e-05 0.00031027
15.25 -66.9808 9.06209e-05 0.000302655
15.275 -66.9868 9.01118e-05 0.00029523
15.3 -66.9929 8.96152e-05 0.000287991
15.325 -66.9989 8.91309e-05 0.000280932
15.35 -67.005 8.86586e-05 0.000274049
15.375 -67.011 8.81979e-05 0.000267339
15.4 -67.017 8.77486e-05 0.000260795
15.425 -67.0231 8.73104e-05 0.000254416
15.45 -67.0291 8.6883e-05 0.000248195
15.475 -67.0351 8.64661e-05 0.00024213
15.5 -67.0412 8.60596e-05 0.000236217
15.525 -67.0472 8.56631e-05 0.000230451
15.55 -67.0532 8.52764e-05 0.000224829
15.575 -67.0592 8.48992e-05 0.000219348
15.6 -67.0652 8.45313e-05 0.000214004
15.625 -67.0712 8.41725e-05 0.000208793
15.65 -67.0771 8.38226e-05 0.000203712
15.675 -67.0831 8.34813e-05 0.000198758
15.7 -67.0891 8.31485e-05 0.000193928
15.725 -67.095 8.28239e-05 0.000189219
15.75 -67.101 8.25072e-05 0.000184627
15.775 -67.1069 8.21984e-05 0.00018015
15.8 -67.1128 8.18972e-05 0.000175785
15.825 -67.1187 8.16035e-05 0.000171529
15.85 -67.1246 8.1317e-05 0.000167379
15.875 -67.1304 8.10376e-05 0.000163333
15.9 -67.1363 8.07651e-05 0.000159388
15.925 -67.1421 8.04993e-05 0.000155541
15.95 -67.148 8.02401e-05 0.000151791
15.975 -67.1538 7.99872e-05 0.000148134
16 -67.1596 7.97406e-05 0.000144569
16.025 -67.1653 7.95002e-05 0.000141093
16.05 -67.1711 7.92656e-05 0.000137704
16.075 -67.1768 7.90368e-05 0.000134399
16.1 -67.1826 7.88137e-05 0.000131177
16.125 -67.1883 7.85961e-05 0.000128035
16.15 -67.194 7.83839e-05 0.000124972
16.175 -67.1996 7.81769e-05 0.000121985
16.2 -67.2053 7.7975e-05 0.000119073
16.225 -67.2109 7.77781e-05 0.000116234
16.25 -67.2165 7.7586e-05 0.000113465
16.275 -67.2221 7.73987e-05 0.000110766
16.3 -67.2277 7.72161e-05 0.000108134
16.325 -67.2332 7.70379e-05 0.000105568
16.35 -67.2388 7.68641e-05 0.000103066
16.375 -67.2443 7.66947e-05 0.000100627
16.4 -67.2498 7.65294e-05 9.82479e-05
16.425 -67.2552 7.63682e-05 9.59287e-05
16.45 -67.2607 7.62109e-05 9.36673e-05
16.475 -67.2661 7.60576e-05 9.14625e-05
16.5 -67.2715 7.5908e-05 8.93126e-05
16.525 -67.2769 7.57621e-05 8.72164e-05
16.55 -67.2823 7.56199e-05 8.51726e-05
16.575 -67.2876 7.54811e-05 8.31798e-05
16.6 -67.2929 7.53458e-05 8.12367e-05
16.625 -67.2982 7.52138e-05 7.93421e-05
16.65 -67.3035 7.50851e-05 7.74947e-05
16.675 -67.3087 7.49595e-05 7.56935e-05
16.7 -67.314 7.48371e-05 7.39372e-05
16.725 -67.3192 7.47176e-05 7.22248e-05
16.75 -67.3243 7.46012e-05 7.05551e-05
16.775 -67.3295 7.44876e-05 6.8927e-05
16.8 -67.3346 7.43768e-05 6.73395e-05
16.825 -67.3397 7.42687e-05 6.57916e-05
16.85 -67.3448 7.41633e-05 6.42824e-05
16.875 -67.3499 7.40605e-05 6.28108e-05
16.9 -67.3549 7.39603e-05 6.13758e-05
16.925 -67.36 7.38625e-05 5.99767e-05
16.95 -67.365 7.37671e-05 5.86124e-05
16.975 -67.3699 7.36741e-05 5.72822e-05
17 -67.3749 7.35834e-05 5.59851e-05
17.025 -67.3798 7.34949e-05 5.47204e-05
17.05 -67.3847 7.34086e-05 5.34871e-05
17.075 -67.3896 7.33245e-05 5.22846e-05
17.1 -67.3944 7.32424e-05 5.11121e-05
17.125 -67.3993 7.31623e-05 4.99688e-05
17.15 -67.4041 7.30843e-05 4.8854e-05
17.175 -67.4089 7.30081e-05 4.77669e-05
17.2 -67.4136 7.29338e-05 4.6707e-05
17.225 -67.4184 7.28614e-05 4.56734e-05
17.25 -67.4231 7.27908e-05 4.46656e-05
17.275 -67.4278 7.27219e-05 4.36829e-05
17.3 -67.4324 7.26547e-05 4.27246e-05
17.325 -67.4371 7.25891e-05 4.17902e-05
17.35 -67.4417 7.25252e-05 4.08791e-05
17.375 -67.4463 7.24628e-05 3.99906e-05
17.4 -67.4509 7.2402e-05 3.91243e-05
17.425 -67.4554 7.23427e-05 3.82795e-05
17.45 -67.4599 7.22849e-05 3.74557e-05
17.475 -67.4644 7.22285e-05 3.66525e-05
17.5 -67.4689 7.21735e-05 3.58692e-05
17.525 -67.4734 7.21198e-05 3.51054e-05
17.55 -67.4778 7.20675e-05 3.43606e-05
17.575 -67.4822 7.20164e-05 3.36344e-05
17.6 -67.4866 7.19666e-05 3.29261e-05
17.625 -67.491 7.19181e-05 3.22355e-05
17.65 -67.4953 7.18707e-05 3.15621e-05
17.675 -67.4997 7.18245e-05 3.09054e-05
17.7 -67.504 7.17795e-05 3.02651e-05
17.725 -67.5082 7.17355e-05 2.96406e-05
17.75 -67.5125 7.16927e-05 2.90317e-05
17.775 -67.5167 7.16509e-05 2.84379e-05
17.8 -67.5209 7.16101e-05 2.78588e-05
17.825 -67.5251 7.15704e-05 2.72942e-05
17.85 -67.5293 7.15316e-05 2.67435e-05
17.875 -67.5334 7.14938e-05 2.62065e-05
17.9 -67.5375 7.14569e-05 2.56829e-05
17.925 -67.5416 7.14209e-05 2.51723e-05
17.95 -67.5457 7.13859e-05 2.46743e-05
17.975 -67.5498 7.13516e-05 2.41887e-05
18 -67.5538 7.13183e-05 2.37151e-05
18.025 -67.5578 7.12857e-05 2.32533e-05
18.05 -67.5618 7.1254e-05 2.2803e-05
18.075 -67.5658 7.1223e-05 2.23638e-05
18.1 -67.5697 7.11928e-05 2.19355e-05
18.125 -67.5737 7.11634e-05 2.15179e-05
18.15 -67.5776 7.11347e-05 2.11106e-05
18.175 -67.5815 7.11066e-05 2.07133e-05
18.2 -67.5853 7.10793e-05 2.0326e-05
18.225 -67.5892 7.10527e-05 1.99482e-05
18.25 -67.593 7.10267e-05 1.95798e-05
18.275 -67.5968 7.10013e-05 1.92205e-05
18.3 -67.6006 7.09766e-05 1.88701e-05
18.325 -67.6043 7.09525e-05 1.85284e-05
18.35 -67.6081 7.0929e-05 1.81952e-05
18.375 -67.6118 7.0906e-05 1.78702e-05
18.4 -67.6155 7.08837e-05 1.75532e-05
18.425 -67.6192 7.08619e-05 1.72441e-05
18.45 -67.6229 7.08406e-05 1.69427e-05
18.475 -67.6265 7.08198e-05 1.66487e-05
18.5 -67.6301 7.07996e-05 1.6362e-05
18.525 -67.6338 7.07798e-05 1.60823e-05
18.55 -67.6373 7.07606e-05 1.58096e-05
18.575 -67.6409 7.07418e-05 1.55436e-05
18.6 -67.6445 7.07235e-05 1.52842e-05
18.625 -67.648 7.07056e-05 1.50312e-05
18.65 -67.6515 7.06882e-05 1.47845e-05
18.675 -67.655 7.06712e-05 1.45438e-05
18.7 -67.6585 7.06546e-05 1.43091e-05
18.725 -67.6619 7.06385e-05 1.40802e-05
18.75 -67.6654 7.06227e-05 1.38569e-05
18.775 -67.6688 7.06073e-05 1.36392e-05
18.8 -67.6722 7.05924e-05 1.34268e-05
18.825 -67.6756 7.05777e-05 1.32196e-05
18.85 -67.6789 7.05635e-05 1.30176e-05
18.875 -67.6823 7.05496e-05 1.28205e-05
18.9 -67.6856 7.0536e-05 1.26283e-05
18.925 -67.6889 7.05228e-05 1.24409e-05
18.95 -67.6922 7.05098e-05 1.2258e-05
18.975 -67.6955 7.04973e-05 1.20797e-05
19 -67.6988 7.0485e-05 1.19058e-05
19.025 -67.702 7.0473e-05 1.17361e-05
19.05 -67.7053 7.04613e-05 1.15706e-05
19.075 -67.7085 7.04499e-05 1.14092e-05
19.1 -67.7117 7.04388e-05 1.12518e-05
19.125 -67.7149 7.0428e-05 1.10982e-05
19.15 -67.718 7.04174e-05 1.09484e-05
19.175 -67.7212 7.04071e-05 1.08023e-05
19.2 -67.7243 7.03971e-05 1.06598e-05
19.225 -67.7274 7.03873e-05 1.05208e-05
19.25 -67.7305 7.03777e-05 1.03851e-05
19.275 -67.7336 7.03684e-05 1.02529e-05
19.3 -67.7367 7.03593e-05 1.01238e-05
19.325 -67.7397 7.03504e-05 9.99798e-06
19.35 -67.7428 7.03418e-05 9.87521e-06
19.375 -67.7458 7.03333e-05 9.75544e-06
19.4 -67.7488 7.03251e-05 9.63861e-06
19.425 -67.7518 7.03171e-05 9.52465e-06
19.45 -67.7548 7.03092e-05 9.41348e-06
19.475 -67.7577 7.03016e-05 9.30502e-06
19.5 -67.7607 7.02942e-05 9.19923e-06
19.525 -67.7636 7.02869e-05 9.09602e-06
19.55 -67.7665 7.02798e-05 8.99534e-06
19.575 -67.7694 7.02729e-05 8.89712e-06
19.6 -67.7723 7.02662e-05 8.80131e-06
19.625 -67.7752 7.02596e-05 8.70783e-06
19.65 -67.7781 7.02532e-05 8.61664e-06
19.675 -67.7809 7.02469e-05 8.52767e-06
19.7 -67.7837 7.02408e-05 8.44088e-06
19.725 -67.7866 7.02349e-05 8.3562e-06
19.75 -67.7894 7.02291e-05 8.27359e-06
19.775 -67.7922 7.02234e-05 8.19299e-06
19.8 -67.795 7.02179e-05 8.11436e-06
19.825 -67.7977 7.02125e-05 8.03764e-06
19.85 -67.8005 7.02073e-05 7.96279e-06
19.875 -67.8032 7.02022e-05 7.88976e-06
19.9 -67.8059 7.01972e-05 7.81851e-06
19.925 -67.8087 7.01923e-05 7.74899e-06
19.95 -67.8114 7.01876e-05 7.68116e-06
19.975 -67.814 7.01829e-05 7.61497e-06
20 -67.8167 7.01784e-05 7.5504e-06
20.025 -67.8194 7.0174e-05 7.48739e-06
20.05 -67.822 7.01697e-05 7.42591e-06
20.075 -67.8247 7.01655e-05 7.36592e-06
20.1 -67.8273 7.01615e-05 7.30738e-06
20.125 -67.8299 7.01575e-05 7.25026e-06
20.15 -67.8325 7.01536e-05 7.19452e-06
20.175 -67.8351 7.01498e-05 7.14013e-06
20.2 -67.8377 7.01461e-05 7.08706e-06
20.225 -67.8403 7.01425e-05 7.03526e-06
20.25 -67.8428 7.0139e-05 6.98472e-06
20.275 -67.8454 7.01355e-05 6.9354e-06
20.3 -67.8479 7.01322e-05 6.88727e-06
20.325 -67.8504 7.01289e-05 6.84029e-06
20.35 -67.8529 7.01257e-05 6.79445e-06
20.375 -67.8554 7.01226e-05 6.74971e-06
20.4 -67.8579 7.01196e-05 6.70605e-06
20.425 -67.8604 7.01167e-05 6.66344e-06
20.45 -67.8629 7.01138e-05 6.62185e-06
20.475 -67.8653 7.0111e-05 6.58126e-06
20.5 -67.8678 7.01082e-05 6.54164e-06
20.525 -67.8702 7.01056e-05 6.50297e-06
20.55 -67.8726 7.0103e-05 6.46523e-06
20.575 -67.875 7.01004e-05 6.42839e-06
20.6 -67.8774 7.00979e-05 6.39244e-06
20.625 -67.8798 7.00955e-05 6.35734e-06
20.65 -67.8822 7.00932e-05 6.32308e-06
20.675 -67.8846 7.00909e-05 6.28963e-06
20.7 -67.887 7.00886e-05 6.25698e-06
20.725 -67.8893 7.00864e-05 6.22512e-06
20.75 -67.8917 7.00843e-05 6.194e-06
20.775 -67.894 7.00822e-05 6.16363e-06
20.8 -67.8963 7.00802e-05 6.13398e-06
20.825 -67.8986 7.00782e-05 6.10503e-06
20.85 -67.9009 7.00763e-05 6.07677e-06
20.875 -67.9032 7.00744e-05 6.04918e-06
20.9 -67.9055 7.00726e-05 6.02224e-06
20.925 -67.9078 7.00708e-05 5.99594e-06
20.95 -67.9101 7.0069e-05 5.97026e-06
20.975 -67.9123 7.00673e-05 5.94518e-06
21 -67.9146 7.00657e-05 5.9207e-06
21.025 -67.9168 7.0064e-05 5.89679e-06
21.05 -67.919 7.00625e-05 5.87344e-06
21.075 -67.9213 7.00609e-05 5.85064e-06
21.1 -67.9235 7.00594e-05 5.82838e-06
21.125 -67.9257 7.00579e-05 5.80663e-06
21.15 -67.9279 7.00565e-05 5.7854e-06
21.175 -67.9301 7.00551e-05 5.76466e-06
21.2 -67.9322 7.00538e-05 5.74441e-06
21.225 -67.9344 7.00524e-05 5.72462e-06
21.25 -67.9366 7.00511e-05 5.7053e-06
21.275 -67.9387 7.00499e-05 5.68643e-06
21.3 -67.9409 7.00486e-05 5.66799e-06
21.325 -67.943 7.00474e-05 5.64999e-06
21.35 -67.9451 7.00463e-05 5.6324e-06
21.375 -67.9473 7.00451e-05 5.61521e-06
21.4 -67.9494 7.0044e-05 5.59842e-06
21.425 -67.9515 7.00429e-05 5.58202e-06
21.45 -67.9536 7.00419e-05 5.566e-06
21.475 -67.9557 7.00408e-05 5.55034e-06
21.5 -67.9578 7.00398e-05 5.53505e-06
21.525 -67.9598 7.00388e-05 5.5201e-06
21.55 -67.9619 7.00379e-05 5.50549e-06
21.575 -67.964 7.0037e-05 5.49122e-06
21.6 -67.966 7.0036e-05 5.47728e-06
21.625 -67.9681 7.00352e-05 5.46365e-06
21.65 -67.9701 7.00343e-05 5.45033e-06
21.675 -67.9721 7.00334e-05 5.43731e-06
21.7 -67.9742 7.00326e-05 5.42458e-06
21.725 -67.9762 7.00318e-05 5.41215e-06
21.75 -67.9782 7.0031e-05 5.39999e-06
21.775 -67.9802 7.00303e-05 5.38811e-06
21.8 -67.9822 7.00295e-05 5.37649e-06
21.825 -67.9842 7.00288e-05 5.36513e-06
21.85 -67.9862 7.00281e-05 5.35403e-06
21.875 -67.9882 7.00274e-05 5.34317e-06
21.9 -67.9901 7.00267e-05 5.33256e-06
21.925 -67.9921 7.0026e-05 5.32218e-06
21.95 -67.994 7.00254e-05 5.31203e-06
21.975 -67.996 7.00248e-05 5.3021e-06
22 -67.9979 7.00242e-05 5.2924e-06
22.025 -67.9999 7.00236e-05 5.28291e-06
22.05 -68.0018 7.0023e-05 5.27362e-06
22.075 -68.0037 7.00224e-05 5.26454e-06
22.1 -68.0057 7.00219e-05 5.25565e-06
22.125 -68.0076 7.00213e-05 5.24696e-06
22.15 -68.0095 7.00208e-05 5.23846e-06
22.175 -68.0114 7.00203e-05 5.23014e-06
22.2 -68.0133 7.00198e-05 5.22201e-06
22.225 -68.0152 7.00193e-05 5.21404e-06
22.25 -68.017 7.00188e-05 5.20625e-06
22.275 -68.0189 7.00184e-05 5.19862e-06
22.3 -68.0208 7.00179e-05 5.19116e-06
22.325 -68.0227 7.00175e-05 5.18386e-06
22.35 -68.0245 7.0017e-05 5.17671e-06
22.375 -68.0264 7.00166e-05 5.16971e-06
22.4 -68.0282 7.00162e-05 5.16286e-06
22.425 -68.0301 7.00158e-05 5.15615e-06
22.45 -68.0319 7.00154e-05 5.14958e-06
22.475 -68.0337 7.0015e-05 5.14315e-06
22.5 -68.0356 7.00147e-05 5.13685e-06
22.525 -68.0374 7.00143e-05 5.13069e-06
22.55 -68.0392 7.0014e-05 5.12465e-06
22.575 -68.041 7.00136e-05 5.11873e-06
22.6 -68.0428 7.00133e-05 5.11294e-06
22.625 -68.0446 7.00129e-05 5.10726e-06
22.65 -68.0464 7.00126e-05 5.1017e-06
22.675 -68.0482 7.00123e-05 5.09626e-06
22.7 -68.05 7.0012e-05 5.09092e-06
22.725 -68.0518 7.00117e-05 5.08569e-06
22.75 -68.0535 7.00114e-05 5.08056e-06
22.775 -68.0553 7.00111e-05 5.07554e-06
22.8 -68.0571 7.00109e-05 5.07061e-06
22.825 -68.0588 7.00106e-05 5.06578e-06
22.85 -68.0606 7.00103e-05 5.06105e-06
22.875 -68.0623 7.00101e-05 5.05641e-06
22.9 -68.0641 7.00098e-05 5.05186e-06
22.925 -68.0658 7.00096e-05 5.0474e-06
22.95 -68.0676 7.00094e-05 5.04302e-06
22.975 -68.0693 7.00091e-05 5.03873e-06
23 -68.071 7.00089e-05 5.03452e-06
23.025 -68.0727 7.00087e-05 5.03039e-06
23.05 -68.0745 7.00085e-05 5.02634e-06
23.075 -68.0762 7.00083e-05 5.02236e-06
23.1 -68.0779 7.00081e-05 5.01846e-06
23.125 -68.0796 7.00079e-05 5.01463e-06
23.15 -68.0813 7.00077e-05 5.01087e-06
23.175 -68.083 7.00075e-05 5.00718e-06
23.2 -68.0847 7.00073e-05 5.00356e-06
23.225 -68.0863 7.00071e-05 5e-06
23.25 -68.088 7.00069e-05 4.99651e-06
23.275 -68.0897 7.00068e-05 4.99308e-06
23.3 -68.0914 7.00066e-05 4.98972e-06
23.325 -68.0931 7.00064e-05 4.98641e-06
23.35 -68.0947 7.00063e-05 4.98316e-06
23.375 -68.0964 7.00061e-05 4.97997e-06
23.4 -68.098 7.0006e-05 4.97683e-06
23.425 -68.0997 7.00058e-05 4.97375e-06
23.45 -68.1013 7.00057e-05 4.97072e-06
23.475 -68.103 7.00055e-05 4.96774e-06
23.5 -68.1046 7.00054e-05 4.96481e-06
23.525 -68.1063 7.00053e-05 4.96193e-06
23.55 -68.1079 7.00051e-05 4.9591e-06
23.575 -68.1095 7.0005e-05 4.95632e-06
23.6 -68.1112 7.00049e-05 4.95358e-06
23.625 -68.1128 7.00048e-05 4.95089e-06
23.65 -68.1144 7.00047e-05 4.94824e-06
23.675 -68.116 7.00045e-05 4.94564e-06
23.7 -68.1176 7.00044e-05 4.94307e-06
23.725 -68.1192 7.00043e-05 4.94055e-06
23.75 -68.1208 7.00042e-05 4.93806e-06
23.775 -68.1224 7.00041e-05 4.93562e-06
23.8 -68.124 7.0004e-05 4.93321e-06
23.825 -68.1256 7.00039e-05 4.93084e-06
23.85 -68.1272 7.00038e-05 4.92851e-06
23.875 -68.1288 7.00037e-05 4.92621e-06
23.9 -68.1304 7.00036e-05 4.92395e-06
23.925 -68.132 7.00035e-05 4.92172e-06
23.95 -68.1335 7.00035e-05 4.91952e-06
23.975 -68.1351 7.00034e-05 4.91735e-06
24 -68.1367 7.00033e-05 4.91522e-06
24.025 -68.1382 7.00032e-05 4.91312e-06
24.05 -68.1398 7.00031e-05 4.91104e-06
24.075 -68.1414 7.00031e-05 4.909e-06
24.1 -68.1429 7.0003e-05 4.90698e-06
24.125 -68.1445 7.00029e-05 4.90499e-06
24.15 -68.146 7.00028e-05 4.90303e-06
24.175 -68.1476 7.00028e-05 4.9011e-06
24.2 -68.1491 7.00027e-05 4.89919e-06
24.225 -68.1506 7.00026e-05 4.89731e-06
24.25 -68.1522 7.00026e-05 4.89545e-06
24.275 -68.1537 7.00025e-05 4.89362e-06
24.3 -68.1552 7.00024e-05 4.89181e-06
24.325 -68.1568 7.00024e-05 4.89002e-06
24.35 -68.1583 7.00023e-05 4.88826e-06
24.375 -68.1598 7.00023e-05 4.88651e-06
24.4 -68.1613 7.00022e-05 4.88479e-06
24.425 -68.1629 7.00022e-05 4.88309e-06
24.45 -68.1644 7.00021e-05 4.88142e-06
24.475 -68.1659 7.00021e-05 4.87976e-06
24.5 -68.1674 7.0002e-05 4.87812e-06
24.525 -68.1689 7.0002e-05 4.8765e-06
24.55 -68.1704 7.00019e-05 4.8749e-06
24.575 -68.1719 7.00019e-05 4.87331e-06
24.6 -68.1734 7.00018e-05 4.87175e-06
24.625 -68.1749 7.00018e-05 4.8702e-06
24.65 -68.1764 7.00017e-05 4.86867e-06
24.675 -68.1778 7.00017e-05 4.86716e-06
24.7 -68.1793 7.00016e-05 4.86566e-06
24.725 -68.1808 7.00016e-05 4.86418e-06
24.75 -68.1823 7.00016e-05 4.86272e-06
24.775 -68.1838 7.00015e-05 4.86127e-06
24.8 -68.1852 7.00015e-05 4.85983e-06
24.825 -68.1867 7.00015e-05 4.85841e-06
24.85 -68.1882 7.00014e-05 4.85701e-06
24.875 -68.1896 7.00014e-05 4.85561e-06
24.9 -68.1911 7.00013e-05 4.85424e-06
24.925 -68.1926 7.00013e-05 4.85287e-06
24.95 -68.194 7.00013e-05 4.85152e-06
24.975 -68.1955 7.00013e-05 4.85018e-06
25 -68.1969 7.00012e-05 4.84885e-06
25.025 -68.1984 7.00012e-05 4.84754e-06
25.05 -68.1998 7.00012e-05 4.84624e-06
25.075 -68.2013 7.00011e-05 4.84495e-06
25.1 -68.2027 7.00011e-05 4.84367e-06
25.125 -68.2041 7.00011e-05 4.8424e-06
25.15 -68.2056 7.00011e-05 4.84114e-06
25.175 -68.207 7.0001e-05 4.8399e-06
25.2 -68.2084 7.0001e-05 4.83866e-06
25.225 -68.2099 7.0001e-05 4.83744e-06
25.25 -68.2113 7.0001e-05 4.83622e-06
25.275 -68.2127 7.00009e-05 4.83501e-06
25.3 -68.2141 7.00009e-05 4.83382e-06
25.325 -68.2156 7.00009e-05 4.83263e-06
25.35 -68.217 7.00009e-05 4.83145e-06
25.375 -68.2184 7.00008e-05 4.83029e-06
25.4 -68.2198 7.00008e-05 4.82913e-06
25.425 -68.2212 7.00008e-05 4.82798e-06
25.45 -68.2226 7.00008e-05 4.82683e-06
25.475 -68.224 7.00008e-05 4.8257e-06
25.5 -68.2254 7.00007e-05 4.82457e-06
25.525 -68.2268 7.00007e-05 4.82346e-06
25.55 -68.2282 7.00007e-05 4.82235e-06
25.575 -68.2296 7.00007e-05 4.82124e-06
25.6 -68.231 7.00007e-05 4.82015e-06
25.625 -68.2324 7.00007e-05 4.81906e-06
25.65 -68.2338 7.00006e-05 4.81798e-06
25.675 -68.2352 7.00006e-05 4.81691e-06
25.7 -68.2366 7.00006e-05 4.81584e-06
25.725 -68.238 7.00006e-05 4.81478e-06
25.75 -68.2394 7.00006e-05 4.81373e-06
25.775 -68.2407 7.00006e-05 4.81268e-06
25.8 -68.2421 7.00006e-05 4.81164e-06
25.825 -68.2435 7.00005e-05 4.8106e-06
25.85 -68.2449 7.00005e-05 4.80957e-06
25.875 -68.2462 7.00005e-05 4.80855e-06
25.9 -68.2476 7.00005e-05 4.80754e-06
25.925 -68.249 7.00005e-05 4.80652e-06
25.95 -68.2503 7.00005e-05 4.80552e-06
25.975 -68.2517 7.00005e-05 4.80452e-06
26 -68.2531 7.00005e-05 4.80353e-06
26.025 -68.2544 7.00005e-05 4.80254e-06
26.05 -68.2558 7.00004e-05 4.80155e-06
26.075 -68.2571 7.00004e-05 4.80057e-06
26.1 -68.2585 7.00004e-05 4.7996e-06
26.125 -68.2598 7.00004e-05 4.79863e-06
26.15 -68.2612 7.00004e-05 4.79767e-06
26.175 -68.2625 7.00004e-05 4.79671e-06
26.2 -68.2639 7.00004e-05 4.79575e-06
26.225 -68.2652 7.00004e-05 4.7948e-06
26.25 -68.2666 7.00004e-05 4.79386e-06
26.275 -68.2679 7.00004e-05 4.79291e-06
26.3 -68.2693 7.00003e-05 4.79198e-06
26.325 -68.2706 7.00003e-05 4.79104e-06
26.35 -68.2719 7.00003e-05 4.79011e-06
26.375 -68.2733 7.00003e-05 4.78919e-06
26.4 -68.2746 7.00003e-05 4.78827e-06
26.425 -68.2759 7.00003e-05 4.78735e-06
26.45 -68.2773 7.00003e-05 4.78644e-06
26.475 -68.2786 7.00003e-05 4.78553e-06
26.5 -68.2799 7.00003e-05 4.78462e-06
26.525 -68.2812 7.00003e-05 4.78372e-06
26.55 -68.2825 7.00003e-05 4.78282e-06
26.575 -68.2839 7.00003e-05 4.78193e-06
26.6 -68.2852 7.00003e-05 4.78104e-06
26.625 -68.2865 7.00003e-05 4.78015e-06
26.65 -68.2878 7.00003e-05 4.77926e-06
26.675 -68.2891 7.00002e-05 4.77838e-06
26.7 -68.2904 7.00002e-05 4.7775e-06
26.725 -68.2917 7.00002e-05 4.77663e-06
26.75 -68.2931 7.00002e-05 4.77575e-06
26.775 -68.2944 7.00002e-05 4.77489e-06
26.8 -68.2957 7.00002e-05 4.77402e-06
26.825 -68.297 7.00002e-05 4.77316e-06
26.85 -68.2983 7.00002e-05 4.7723e-06
26.875 -68.2996 7.00002e-05 4.77144e-06
26.9 -68.3009 7.00002e-05 4.77058e-06
26.925 -68.3022 7.00002e-05 4.76973e-06
26.95 -68.3034 7.00002e-05 4.76888e-06
26.975 -68.3047 7.00002e-05 4.76804e-06
27 -68.306 7.00002e-05 4.76719e-06
27.025 -68.3073 7.00002e-05 4.76635e-06
27.05 -68.3086 7.00002e-05 4.76551e-06
27.075 -68.3099 7.00002e-05 4.76468e-06
27.1 -68.3112 7.00002e-05 4.76384e-06
27.125 -68.3125 7.00002e-05 4.76301e-06
27.15 -68.3137 7.00002e-05 4.76218e-06
27.175 -68.315 7.00002e-05 4.76135e-06
27.2 -68.3163 7.00002e-05 4.76053e-06
27.225 -68.3176 7.00001e-05 4.75971e-06
27.25 -68.3188 7.00001e-05 4.75889e-06
27.275 -68.3201 7.00001e-05 4.75807e-06
27.3 -68.3214 7.00001e-05 4.75726e-06
27.325 -68.3227 7.00001e-05 4.75644e-06
27.35 -68.3239 7.00001e-05 4.75563e-06
27.375 -68.3252 7.00001e-05 4.75482e-06
27.4 -68.3265 7.00001e-05 4.75402e-06
27.425 -68.3277 7.00001e-05 4.75321e-06
27.45 -68.329 7.00001e-05 4.75241e-06
27.475 -68.3302 7.00001e-05 4.75161e-06
27.5 -68.3315 7.00001e-05 4.75081e-06
27.525 -68.3328 7.00001e-05 4.75001e-06
27.55 -68.334 7.00001e-05 4.74922e-06
27.575 -68.3353 7.00001e-05 4.74842e-06
27.6 -68.3365 7.00001e-05 4.74763e-06
27.625 -68.3378 7.00001e-05 4.74684e-06
27.65 -68.339 7.00001e-05 4.74605e-06
27.675 -68.3403 7.00001e-05 4.74527e-06
27.7 -68.3415 7.00001e-05 4.74448e-06
27.725 -68.3428 7.00001e-05 4.7437e-06
27.75 -68.344 7.00001e-05 4.74292e-06
27.775 -68.3453 7.00001e-05 4.74214e-06
27.8 -68.3465 7.00001e-05 4.74136e-06
27.825 -68.3478 7.00001e-05 4.74059e-06
27.85 -68.349 7.00001e-05 4.73981e-06
27.875 -68.3502 7.00001e-05 4.73904e-06
27.9 -68.3515 7.00001e-05 4.73827e-06
27.925 -68.3527 7.00001e-05 4.7375e-06
27.95 -68.3539 7.00001e-05 4.73673e-06
27.975 -68.3552 7.00001e-05 4.73597e-06
28 -68.3564 7.00001e-05 4.7352e-06
28.025 -68.3576 7.00001e-05 4.73444e-06
28.05 -68.3589 7.00001e-05 4.73368e-06
28.075 -68.3601 7.00001e-05 4.73292e-06
28.1 -68.3613 7.00001e-05 4.73216e-06
28.125 -68.3625 7.00001e-05 4.7314e-06
28.15 -68.3638 7.00001e-05 4.73064e-06
28.175 -68.365 7.00001e-05 4.72989e-06
28.2 -68.3662 7.00001e-05 4.72914e-06
28.225 -68.3674 7.00001e-05 4.72838e-06
28.25 -68.3686 7.00001e-05 4.72763e-06
28.275 -68.3699 7.00001e-05 4.72688e-06
28.3 -68.3711 7.00001e-05 4.72614e-06
28.325 -68.3723 7.00001e-05 4.72539e-06
28.35 -68.3735 7.00001e-05 4.72464e-06
28.375 -68.3747 7.00001e-05 4.7239e-06
28.4 -68.3759 7.00001e-05 4.72316e-06
28.425 -68.3771 7.00001e-05 4.72242e-06
28.45 -68.3783 7.00001e-05 4.72168e-06
28.475 -68.3795 7.00001e-05 4.72094e-06
28.5 -68.3807 7.00001e-05 4.7202e-06
28.525 -68.382 7.00001e-05 4.71946e-06
28.55 -68.3832 7.00001e-05 4.71873e-06
28.575 -68.3844 7.00001e-05 4.71799e-06
28.6 -68.3856 7.00001e-05 4.71726e-06
28.625 -68.3868 7.00001e-05 4.71653e-06
28.65 -68.388 7.00001e-05 4.7158e-06
28.675 -68.3891 7e-05 4.71507e-06
28.7 -68.3903 7e-05 4.71434e-06
28.725 -68.3915 7e-05 4.71361e-06
28.75 -68.3927 7e-05 4.71289e-06
28.775 -68.3939 7e-05 4.71216e-06
28.8 -68.3951 7e-05 4.71144e-06
28.825 -68.3963 7e-05 4.71072e-06
28.85 -68.3975 7e-05 4.70999e-06
28.875 -68.3987 7e-05 4.70927e-06
28.9 -68.3999 7e-05 4.70855e-06
28.925 -68.401 7e-05 4.70784e-06
28.95 -68.4022 7e-05 4.70712e-06
28.975 -68.4034 7e-05 4.7064e-06
29 -68.4046 7e-05 4.70569e-06
29.025 -68.4058 7e-05 4.70497e-06
29.05 -68.407 7e-05 4.70426e-06
29.075 -68.4081 7e-05 4.70355e-06
29.1 -68.4093 7e-05 4.70284e-06
29.125 -68.4105 7e-05 4.70213e-06
29.15 -68.4117 7e-05 4.70142e-06
29.175 -68.4128 7e-05 4.70071e-06
29.2 -68.414 7e-05 4.7e-06
29.225 -68.4152 7e-05 4.69929e-06
29.25 -68.4163 7e-05 4.69859e-06
29.275 -68.4175 7e-05 4.69789e-06
29.3 -68.4187 7e-05 4.69718e-06
29.325 -68.4198 7e-05 4.69648e-06
29.35 -68.421 7e-05 4.69578e-06
29.375 -68.4222 7e-05 4.69508e-06
29.4 -68.4233 7e-05 4.69438e-06
29.425 -68.4245 7e-05 4.69368e-06
29.45 -68.4257 7e-05 4.69298e-06
29.475 -68.4268 7e-05 4.69228e-06
29.5 -68.428 7e-05 4.69159e-06
29.525 -68.4291 7e-05 4.69089e-06
29.55 -68.4303 7e-05 4.6902e-06
29.575 -68.4314 7e-05 4.68951e-06
29.6 -68.4326 7e-05 4.68881e-06
29.625 -68.4337 7e-05 4.68812e-06
29.65 -68.4349 7e-05 4.68743e-06
29.675 -68.436 7e-05 4.68674e-06
29.7 -68.4372 7e-05 4.68605e-06
29.725 -68.4383 7e-05 4.68536e-06
29.75 -68.4395 7e-05 4.68468e-06
29.775 -68.4406 7e-05 4.68399e-06
29.8 -68.4418 7e-05 4.6833e-06
29.825 -68.4429 7e-05 4.68262e-06
29.85 -68.4441 7e-05 4.68194e-06
29.875 -68.4452 7e-05 4.68125e-06
29.9 -68.4463 7e-05 4.68057e-06
29.925 -68.4475 7e-05 4.67989e-06
29.95 -68.4486 7e-05 4.67921e-06
29.975 -68.4498 7e-05 4.67853e-06
