0 -70 7e-05 3.74149e-11
0.025 -70 7e-05 3.7415e-11
0.05 -70 7e-05 3.7415e-11
0.075 -70 7e-05 3.7415e-11
0.1 -70 7e-05 3.7415e-11
0.125 -70 7e-05 3.7415e-11
0.15 -70 7e-05 3.7415e-11
0.175 -70 7e-05 3.7415e-11
0.2 -70 7e-05 3.74151e-11
0.225 -70 7e-05 3.74151e-11
0.25 -70 7e-05 3.74151e-11
0.275 -69.9999 7e-05 3.74151e-11
0.3 -69.9999 7e-05 3.74151e-11
0.325 -69.9999 7e-05 3.74151e-11
0.35 -69.9999 7e-05 3.74151e-11
0.375 -69.9999 7e-05 3.74151e-11
0.4 -69.9999 7e-05 3.74151e-11
0.425 -69.9999 7e-05 3.74151e-11
0.45 -69.9999 7e-05 3.74152e-11
0.475 -69.9999 7e-05 3.74152e-11
0.5 -69.9999 7e-05 3.74152e-11
0.525 -69.9999 7e-05 3.74152e-11
0.55 -69.9999 7e-05 3.74152e-11
0.575 -69.9999 7e-05 3.74152e-11
0.6 -69.9999 7e-05 3.74152e-11
0.625 -69.9999 7e-05 3.74152e-11
0.65 -69.9999 7e-05 3.74152e-11
0.675 -69.9999 7e-05 3.74152e-11
0.7 -69.9999 7e-05 3.74152e-11
0.725 -69.9999 7e-05 3.74152e-11
0.75 -69.9999 7e-05 3.74153e-11
0.775 -69.9999 7e-05 3.74153e-11
0.8 -69.9999 7e-05 3.74153e-11
0.825 -69.9999 7e-05 3.74153e-11
0.85 -69.9999 7e-05 3.74153e-11
0.875 -69.9999 7e-05 3.74153e-11
0.9 -69.9999 7e-05 3.74153e-11
0.925 -69.9999 7e-05 3.74153e-11
0.95 -69.9999 7e-05 3.74153e-11
0.975 -69.9999 7e-05 3.74153e-11
1 -69.9999 7e-05 3.74153e-11
1.025 -69.9999 7e-05 3.74153e-11
1.05 -69.9999 7e-05 3.74153e-11
1.075 -69.9999 7e-05 3.74154e-11
1.1 -69.9999 7e-05 3.74154e-11
1.125 -69.9999 7e-05 3.74154e-11
1.15 -69.9998 7e-05 3.74154e-11
1.175 -69.9998 7e-05 3.74154e-11
1.2 -69.9998 7e-05 3.74154e-11
1.225 -69.9998 7e-05 3.74154e-11
1.25 -69.9998 7e-05 3.74154e-11
1.275 -69.9998 7e-05 3.74154e-11
1.3 -69.9998 7e-05 3.74154e-11
1.325 -69.9998 7e-05 3.74154e-11
1.35 -69.9998 7e-05 3.74154e-11
1.375 -69.9998 7e-05 3.74154e-11
1.4 -69.9998 7e-05 3.74155e-11
1.425 -69.9998 7e-05 3.74155e-11
1.45 -69.9998 7e-05 3.74155e-11
1.475 -69.9998 7e-05 3.74155e-11
1.5 -69.9998 7e-05 3.74155e-11
1.525 -69.9998 7e-05 3.74155e-11
1.55 -69.9998 7e-05 3.74155e-11
1.575 -69.9998 7e-05 3.74155e-11
1.6 -69.9998 7e-05 3.74155e-11
1.625 -69.9998 7e-05 3.74155e-11
1.65 -69.9998 7e-05 3.74155e-11
1.675 -69.9998 7e-05 3.74155e-11
1.7 -69.9998 7e-05 3.74155e-11
1.725 -69.9998 7e-05 3.74156e-11
1.75 -69.9998 7e-05 3.74156e-11
1.775 -69.9998 7e-05 3.74156e-11
1.8 -69.9998 7e-05 3.74156e-11
1.825 -69.9998 7e-05 3.74156e-11
1.85 -69.9998 7e-05 3.74156e-11
1.875 -69.9998 7e-05 3.74156e-11
1.9 -69.9998 7e-05 3.74156e-11
1.925 -69.9998 7e-05 3.74156e-11
1.95 -69.9998 7e-05 3.74156e-11
1.975 -69.9998 7e-05 3.74156e-11
2 -69.9998 7e-05 3.74156e-11
2.025 -69.9998 7e-05 3.74156e-11
2.05 -69.9998 7e-05 3.74156e-11
2.075 -69.9998 7e-05 3.74157e-11
2.1 -69.9998 7e-05 3.74157e-11
2.125 -69.9998 7e-05 3.74157e-11
2.15 -69.9998 7e-05 3.74157e-11
2.175 -69.9998 7e-05 3.74157e-11
2.2 -69.9998 7e-05 3.74157e-11
2.225 -69.9998 7e-05 3.74157e-11
2.25 -69.9998 7e-05 3.74157e-11
2.275 -69.9998 7e-05 3.74157e-11
2.3 -69.9998 7e-05 3.74157e-11
2.325 -69.9998 7e-05 3.74157e-11
2.35 -69.9998 7e-05 3.74157e-11
2.375 -69.9998 7e-05 3.74157e-11
2.4 -69.9998 7e-05 3.74157e-11
2.425 -69.9998 7e-05 3.74157e-11
2.45 -69.9997 7e-05 3.74158e-11
2.475 -69.9997 7e-05 3.74158e-11
2.5 -69.9997 7e-05 3.74158e-11
2.525 -69.9997 7e-05 3.74158e-11
2.55 -69.9997 7e-05 3.74158e-11
2.575 -69.9997 7e-05 3.74158e-11
2.6 -69.9997 7e-05 3.74158e-11
2.625 -69.9997 7e-05 3.74158e-11
2.65 -69.9997 7e-05 3.74158e-11
2.675 -69.9997 7e-05 3.74158e-11
2.7 -69.9997 7e-05 3.74158e-11
2.725 -69.9997 7e-05 3.74158e-11
2.75 -69.9997 7e-05 3.74158e-11
2.775 -69.9997 7e-05 3.74158e-11
2.8 -69.9997 7e-05 3.74159e-11
2.825 -69.9997 7e-05 3.74159e-11
2.85 -69.9997 7e-05 3.74159e-11
2.875 -69.9997 7e-05 3.74159e-11
2.9 -69.9997 7e-05 3.74159e-11
2.925 -69.9997 7e-05 3.74159e-11
2.95 -69.9997 7e-05 3.74159e-11
2.975 -69.9997 7e-05 3.74159e-11
3 -69.9997 7e-05 3.74159e-11
3.025 -69.9997 7e-05 3.74159e-11
3.05 -69.9997 7e-05 3.74159e-11
3.075 -69.9997 7e-05 3.74159e-11
3.1 -69.9997 7e-05 3.74159e-11
3.125 -69.9997 7e-05 3.74159e-11
3.15 -69.9997 7e-05 3.74159e-11
3.175 -69.9997 7e-05 3.7416e-11
3.2 -69.9997 7e-05 3.7416e-11
3.225 -69.9997 7e-05 3.7416e-11
3.25 -69.9997 7e-05 3.7416e-11
3.275 -69.9997 7e-05 3.7416e-11
3.3 -69.9997 7e-05 3.7416e-11
3.325 -69.9997 7e-05 3.7416e-11
3.35 -69.9997 7e-05 3.7416e-11
3.375 -69.9997 7e-05 3.7416e-11
3.4 -69.9997 7e-05 3.7416e-11
3.425 -69.9997 7e-05 3.7416e-11
3.45 -69.9997 7e-05 3.7416e-11
3.475 -69.9997 7e-05 3.7416e-11
3.5 -69.9997 7e-05 3.7416e-11
3.525 -69.9997 7e-05 3.7416e-11
3.55 -69.9997 7e-05 3.74161e-11
3.575 -69.9997 7e-05 3.74161e-11
3.6 -69.9997 7e-05 3.74161e-11
3.625 -69.9997 7e-05 3.74161e-11
3.65 -69.9997 7e-05 3.74161e-11
3.675 -69.9997 7e-05 3.74161e-11
3.7 -69.9997 7e-05 3.74161e-11
3.725 -69.9997 7e-05 3.74161e-11
3.75 -69.9997 7e-05 3.74161e-11
3.775 -69.9997 7e-05 3.74161e-11
3.8 -69.9997 7e-05 3.74161e-11
3.825 -69.9997 7e-05 3.74161e-11
3.85 -69.9997 7e-05 3.74161e-11
3.875 -69.9997 7e-05 3.74161e-11
3.9 -69.9997 7e-05 3.74161e-11
3.925 -69.9997 7e-05 3.74162e-11
3.95 -69.9997 7e-05 3.74162e-11
3.975 -69.9997 7e-05 3.74162e-11
4 -69.9997 7e-05 3.74162e-11
4.025 -69.9997 7e-05 3.74162e-11
4.05 -69.9996 7e-05 3.74162e-11
4.075 -69.9996 7e-05 3.74162e-11
4.1 -69.9996 7e-05 3.74162e-11
4.125 -69.9996 7e-05 3.74162e-11
4.15 -69.9996 7e-05 3.74162e-11
4.175 -69.9996 7e-05 3.74162e-11
4.2 -69.9996 7e-05 3.74162e-11
4.225 -69.9996 7e-05 3.74162e-11
4.25 -69.9996 7e-05 3.74162e-11
4.275 -69.9996 7e-05 3.74162e-11
4.3 -69.9996 7e-05 3.74163e-11
4.325 -69.9996 7e-05 3.74163e-11
4.35 -69.9996 7e-05 3.74163e-11
4.375 -69.9996 7e-05 3.74163e-11
4.4 -69.9996 7e-05 3.74163e-11
4.425 -69.9996 7e-05 3.74163e-11
4.45 -69.9996 7e-05 3.74163e-11
4.475 -69.9996 7e-05 3.74163e-11
4.5 -69.9996 7e-05 3.74163e-11
4.525 -69.9996 7e-05 3.74163e-11
4.55 -69.9996 7e-05 3.74163e-11
4.575 -69.9996 7e-05 3.74163e-11
4.6 -69.9996 7e-05 3.74163e-11
4.625 -69.9996 7e-05 3.74163e-11
4.65 -69.9996 7e-05 3.74163e-11
4.675 -69.9996 7e-05 3.74164e-11
4.7 -69.9996 7e-05 3.74164e-11
4.725 -69.9996 7e-05 3.74164e-11
4.75 -69.9996 7e-05 3.74164e-11
4.775 -69.9996 7e-05 3.74164e-11
4.8 -69.9996 7e-05 3.74164e-11
4.825 -69.9996 7e-05 3.74164e-11
4.85 -69.9996 7e-05 3.74164e-11
4.875 -69.9996 7e-05 3.74164e-11
4.9 -69.9996 7e-05 3.74164e-11
4.925 -69.9996 7e-05 3.74164e-11
4.95 -69.9996 7e-05 3.74164e-11
4.975 -69.9996 7e-05 3.74164e-11
5 -69.9996 7e-05 3.74164e-11
5.025 -66.4304 7e-05 4.63193e-11
5.05 -63.7151 7e-05 5.3177e-11
5.075 -61.43 7e-05 5.90669e-11
5.1 -59.4259 7e-05 6.43777e-11
5.125 -57.6263 7e-05 6.93157e-11
5.15 -55.9838 7e-05 7.40125e-11
5.175 -54.4661 7.00001e-05 7.8562e-11
5.2 -53.0498 7.00001e-05 8.30359e-11
5.225 -51.7166 7.00002e-05 8.74922e-11
5.25 -50.452 7.00003e-05 9.1981e-11
5.275 -49.2432 7.00005e-05 9.65479e-11
5.3 -48.0784 7.00008e-05 1.01238e-10
5.325 -46.9461 7.00013e-05 1.06098e-10
5.35 -45.8336 7.00019e-05 1.11181e-10
5.375 -44.7269 7.00029e-05 1.1655e-10
5.4 -43.6092 7.00042e-05 1.22281e-10
5.425 -42.4598 7.00062e-05 1.28474e-10
5.45 -41.2521 7.00089e-05 1.35261e-10
5.475 -39.9507 7.00128e-05 1.42827e-10
5.5 -38.5064 7.00183e-05 1.51435e-10
5.525 -36.8485 7.00263e-05 1.61479e-10
5.55 -34.8703 7.00381e-05 1.73576e-10
5.575 -32.405 7.00557e-05 1.88736e-10
5.6 -29.1817 7.00834e-05 2.08704e-10
5.625 -24.7583 7.01293e-05 2.36663e-10
5.65 -18.4556 7.02118e-05 2.7865e-10
5.675 -9.50879 7.03792e-05 3.4636e-10
5.7 2.0112 7.07904e-05 4.63555e-10
5.725 14.0404 7.21597e-05 6.91498e-10
5.75 23.9088 7.889e-05 9.2075e-10
5.775 30.6245 0.000119463 1.43621e-09
5.8 34.7891 0.000319521 8.61298e-08
5.825 37.3706 0.000958111 0.000167843
5.85 39.0285 0.00229804 0.00331408
5.875 39.9715 0.00440895 0.027386
5.9 40.33 0.00719311 0.0660451
5.925 40.2769 0.0104713 0.104487
5.95 39.8822 0.0140613 0.14231
5.975 39.1802 0.0178173 0.179223
6 38.1931 0.021642 0.21498
6.025 34.7454 0.0254812 0.244876
6.05 32.2168 0.0293129 0.274621
6.075 29.9227 0.0333812 0.303247
6.1 27.6586 0.0375473 0.330378
6.125 25.3558 0.0417732 0.35583
6.15 22.9955 0.0460528 0.379515
6.175 20.58 0.0503906 0.401403
6.2 18.1208 0.0547937 0.421505
6.225 15.6331 0.0592688 0.43986
6.25 13.1332 0.0638195 0.456531
6.275 10.6395 0.0684466 0.471343
6.3 8.17517 0.0731466 0.48372
6.325 5.75575 0.0779119 0.493895
6.35 3.39137 0.0827298 0.502085
6.375 1.08781 0.0875829 0.508488
6.4 -1.15298 0.0924496 0.513279
6.425 -3.33248 0.0973047 0.516604
6.45 -5.45531 0.102119 0.518578
6.475 -7.52894 0.10686 0.519287
6.5 -9.56344 0.111491 0.518782
6.525 -11.5713 0.115973 0.517081
6.55 -13.5673 0.120262 0.514169
6.575 -15.5684 0.124311 0.51
6.6 -17.5933 0.12807 0.504495
6.625 -19.6628 0.131484 0.497548
6.65 -21.7987 0.134495 0.489029
6.675 -24.0238 0.137043 0.478791
6.7 -26.3594 0.139062 0.466686
6.725 -28.8232 0.140488 0.452591
6.75 -31.4244 0.14126 0.436454
6.775 -34.1572 0.141327 0.418351
6.8 -36.9925 0.140659 0.398565
6.825 -39.8718 0.139268 0.377645
6.85 -42.7083 0.13722 0.3564
6.875 -45.4028 0.134645 0.33577
6.9 -47.8713 0.131723 0.316577
6.925 -50.0683 0.128632 0.299316
6.95 -51.9898 0.125508 0.284114
6.975 -53.6581 0.122423 0.270855
7 -55.1059 0.119404 0.259314
7.025 -56.3666 0.116458 0.249245
7.05 -57.4709 0.113584 0.240418
7.075 -58.4447 0.110781 0.23263
7.1 -59.31 0.108048 0.225709
7.125 -60.0844 0.105382 0.219516
7.15 -60.7824 0.102782 0.213935
7.175 -61.4157 0.100246 0.208873
7.2 -61.9938 0.0977725 0.204254
7.225 -62.5244 0.0953602 0.200015
7.25 -63.0139 0.0930075 0.196106
7.275 -63.4677 0.0907129 0.192483
7.3 -63.89 0.0884749 0.189112
7.325 -64.2845 0.0862922 0.185964
7.35 -64.6544 0.0841633 0.183012
7.375 -65.0022 0.0820871 0.180236
7.4 -65.3303 0.0800621 0.177617
7.425 -65.6406 0.078087 0.175141
7.45 -65.9347 0.0761608 0.172793
7.475 -66.2142 0.0742821 0.170562
7.5 -66.4803 0.0724498 0.168436
7.525 -66.7342 0.0706627 0.166407
7.55 -66.9769 0.0689198 0.164467
7.575 -67.2094 0.0672199 0.162608
7.6 -67.4323 0.065562 0.160824
7.625 -67.6464 0.063945 0.159109
7.65 -67.8525 0.0623679 0.157458
7.675 -68.051 0.0608297 0.155866
7.7 -68.2425 0.0593296 0.154329
7.725 -68.4276 0.0578664 0.152842
7.75 -68.6066 0.0564394 0.151402
7.775 -68.78 0.0550477 0.150006
7.8 -68.9482 0.0536903 0.14865
7.825 -69.1115 0.0523664 0.147332
7.85 -69.2703 0.0510752 0.146048
7.875 -69.4249 0.0498159 0.144796
7.9 -69.5757 0.0485876 0.143574
7.925 -69.7227 0.0473897 0.142379
7.95 -69.8664 0.0462214 0.141209
7.975 -70.007 0.0450819 0.140063
8 -70.1447 0.0439706 0.138938
8.025 -70.2796 0.0428867 0.137833
8.05 -70.412 0.0418295 0.136746
8.075 -70.5421 0.0407985 0.135676
8.1 -70.67 0.0397929 0.134621
8.125 -70.7959 0.0388121 0.13358
8.15 -70.9198 0.0378556 0.132552
8.175 -71.042 0.0369226 0.131537
8.2 -71.1625 0.0360127 0.130532
8.225 -71.2815 0.0351253 0.129537
8.25 -71.399 0.0342598 0.128553
8.275 -71.515 0.0334156 0.127577
8.3 -71.6298 0.0325923 0.126609
8.325 -71.7433 0.0317894 0.125649
8.35 -71.8556 0.0310062 0.124696
8.375 -71.9667 0.0302424 0.12375
8.4 -72.0767 0.0294974 0.122811
8.425 -72.1856 0.0287709 0.121878
8.45 -72.2935 0.0280622 0.120951
8.475 -72.4004 0.0273711 0.12003
8.5 -72.5063 0.026697 0.119114
8.525 -72.6112 0.0260396 0.118204
8.55 -72.7151 0.0253984 0.117299
8.575 -72.8181 0.0247731 0.1164
8.6 -72.9202 0.0241631 0.115506
8.625 -73.0213 0.0235683 0.114617
8.65 -73.1215 0.0229881 0.113733
8.675 -73.2207 0.0224223 0.112854
8.7 -73.319 0.0218704 0.11198
8.725 -73.4164 0.0213321 0.111112
8.75 -73.5129 0.0208072 0.110248
8.775 -73.6084 0.0202952 0.109389
8.8 -73.703 0.0197958 0.108536
8.825 -73.7966 0.0193088 0.107687
8.85 -73.8893 0.0188338 0.106844
8.875 -73.981 0.0183705 0.106006
8.9 -74.0718 0.0179186 0.105173
8.925 -74.1616 0.017478 0.104344
8.95 -74.2505 0.0170482 0.103521
8.975 -74.3383 0.016629 0.102703
9 -74.4252 0.0162201 0.101891
9.025 -74.5111 0.0158214 0.101083
9.05 -74.596 0.0154325 0.10028
9.075 -74.6799 0.0150532 0.0994825
9.1 -74.7628 0.0146832 0.0986899
9.125 -74.8447 0.0143224 0.0979023
9.15 -74.9256 0.0139705 0.0971197
9.175 -75.0054 0.0136273 0.0963422
9.2 -75.0843 0.0132926 0.0955695
9.225 -75.1621 0.0129661 0.0948019
9.25 -75.2389 0.0126477 0.0940391
9.275 -75.3146 0.0123372 0.0932812
9.3 -75.3893 0.0120343 0.0925281
9.325 -75.4629 0.0117389 0.0917798
9.35 -75.5356 0.0114508 0.0910363
9.375 -75.6071 0.0111698 0.0902975
9.4 -75.6776 0.0108957 0.0895634
9.425 -75.7471 0.0106285 0.0888339
9.45 -75.8155 0.0103678 0.088109
9.475 -75.8829 0.0101135 0.0873887
9.5 -75.9492 0.00986554 0.0866729
9.525 -76.0145 0.00962369 0.0859616
9.55 -76.0787 0.00938781 0.0852547
9.575 -76.1419 0.00915775 0.0845523
9.6 -76.2041 0.00893337 0.0838542
9.625 -76.2652 0.00871453 0.0831606
9.65 -76.3252 0.0085011 0.0824713
9.675 -76.3843 0.00829294 0.0817863
9.7 -76.4423 0.00808991 0.0811056
9.725 -76.4993 0.0078919 0.0804293
9.75 -76.5552 0.00769878 0.0797572
9.775 -76.6102 0.00751042 0.0790895
9.8 -76.6641 0.00732672 0.078426
9.825 -76.7171 0.00714755 0.0777668
9.85 -76.769 0.0069728 0.077112
9.875 -76.82 0.00680237 0.0764614
9.9 -76.87 0.00663615 0.0758151
9.925 -76.919 0.00647403 0.075173
9.95 -76.9671 0.00631591 0.0745352
9.975 -77.0143 0.0061617 0.0739017
10 -77.0604 0.0060113 0.0732723
10.025 -77.1057 0.00586461 0.072647
10.05 -77.15 0.00572154 0.0720258
10.075 -77.1935 0.005582 0.0714086
10.1 -77.236 0.00544591 0.0707952
10.125 -77.2776 0.00531318 0.0701856
10.15 -77.3183 0.00518372 0.0695795
10.175 -77.3581 0.00505746 0.0689769
10.2 -77.397 0.00493432 0.0683773
10.225 -77.4349 0.00481422 0.0677807
10.25 -77.472 0.00469709 0.0671867
10.275 -77.5082 0.00458284 0.0665949
10.3 -77.5434 0.00447142 0.0660049
10.325 -77.5777 0.00436275 0.0654162
10.35 -77.611 0.00425676 0.0648283
10.375 -77.6433 0.00415339 0.0642404
10.4 -77.6746 0.00405257 0.0636518
10.425 -77.7048 0.00395424 0.0630615
10.45 -77.7338 0.00385834 0.0624684
10.475 -77.7618 0.0037648 0.0618744
10.5 -77.7887 0.00367358 0.0612914
10.525 -77.8148 0.00358461 0.0607186
10.55 -77.8402 0.00349783 0.0601552
10.575 -77.8648 0.0034132 0.0596007
10.6 -77.8888 0.00333065 0.0590545
10.625 -77.9122 0.00325015 0.0585164
10.65 -77.935 0.00317163 0.057986
10.675 -77.9573 0.00309505 0.0574631
10.7 -77.9791 0.00302036 0.0569474
10.725 -78.0004 0.00294752 0.0564386
10.75 -78.0212 0.00287647 0.0559366
10.775 -78.0416 0.00280718 0.0554412
10.8 -78.0615 0.0027396 0.0549522
10.825 -78.0811 0.00267368 0.0544695
10.85 -78.1002 0.0026094 0.053993
10.875 -78.119 0.0025467 0.0535224
10.9 -78.1374 0.00248555 0.0530577
10.925 -78.1555 0.00242591 0.0525987
10.95 -78.1732 0.00236774 0.0521453
10.975 -78.1906 0.00231101 0.0516975
11 -78.2077 0.00225568 0.0512551
11.025 -78.2244 0.00220172 0.0508179
11.05 -78.2409 0.00214908 0.050386
11.075 -78.257 0.00209775 0.0499592
11.1 -78.2729 0.00204769 0.0495374
11.125 -78.2885 0.00199886 0.0491206
11.15 -78.3038 0.00195123 0.0487086
11.175 -78.3188 0.00190479 0.0483013
11.2 -78.3336 0.00185948 0.0478988
11.225 -78.3481 0.0018153 0.0475008
11.25 -78.3624 0.00177221 0.0471074
11.275 -78.3765 0.00173018 0.0467185
11.3 -78.3903 0.00168919 0.046334
11.325 -78.4038 0.00164921 0.0459538
11.35 -78.4172 0.00161022 0.0455779
11.375 -78.4303 0.00157219 0.0452061
11.4 -78.4432 0.00153511 0.0448385
11.425 -78.4559 0.00149893 0.044475
11.45 -78.4684 0.00146365 0.0441155
11.475 -78.4806 0.00142924 0.04376
11.5 -78.4927 0.00139568 0.0434084
11.525 -78.5046 0.00136295 0.0430606
11.55 -78.5162 0.00133103 0.0427166
11.575 -78.5277 0.00129989 0.0423764
11.6 -78.539 0.00126953 0.0420398
11.625 -78.5501 0.00123991 0.0417069
11.65 -78.5611 0.00121103 0.0413775
11.675 -78.5718 0.00118285 0.0410517
11.7 -78.5824 0.00115538 0.0407294
11.725 -78.5928 0.00112858 0.0404106
11.75 -78.603 0.00110244 0.0400951
11.775 -78.6131 0.00107695 0.0397829
11.8 -78.623 0.00105209 0.0394741
11.825 -78.6328 0.00102784 0.0391685
11.85 -78.6424 0.00100419 0.0388661
11.875 -78.6518 0.000981127 0.0385669
11.9 -78.6611 0.000958631 0.0382708
11.925 -78.6702 0.000936691 0.0379777
11.95 -78.6792 0.000915292 0.0376877
11.975 -78.688 0.000894422 0.0374007
12 -78.6967 0.000874067 0.0371167
12.025 -78.7052 0.000854215 0.0368355
12.05 -78.7136 0.000834852 0.0365573
12.075 -78.7219 0.000815968 0.0362818
12.1 -78.73 0.00079755 0.0360092
12.125 -78.738 0.000779587 0.0357393
12.15 -78.7459 0.000762067 0.0354721
12.175 -78.7536 0.00074498 0.0352076
12.2 -78.7612 0.000728314 0.0349457
12.225 -78.7686 0.000712061 0.0346865
12.25 -78.776 0.000696208 0.0344298
12.275 -78.7832 0.000680747 0.0341757
12.3 -78.7903 0.000665667 0.0339241
12.325 -78.7972 0.00065096 0.0336749
12.35 -78.8041 0.000636616 0.0334282
12.375 -78.8108 0.000622627 0.0331839
12.4 -78.8174 0.000608982 0.032942
12.425 -78.8239 0.000595675 0.0327024
12.45 -78.8302 0.000582696 0.0324652
12.475 -78.8365 0.000570037 0.0322302
12.5 -78.8426 0.000557691 0.0319975
12.525 -78.8487 0.00054565 0.031767
12.55 -78.8546 0.000533906 0.0315387
12.575 -78.8604 0.000522452 0.0313126
12.6 -78.8661 0.000511281 0.0310886
12.625 -78.8717 0.000500386 0.0308667
12.65 -78.8772 0.00048976 0.0306469
12.675 -78.8826 0.000479396 0.0304292
12.7 -78.8878 0.000469288 0.0302135
12.725 -78.893 0.000459429 0.0299999
12.75 -78.8981 0.000449814 0.0297882
12.775 -78.9031 0.000440437 0.0295785
12.8 -78.9079 0.000431291 0.0293707
12.825 -78.9127 0.00042237 0.0291648
12.85 -78.9174 0.00041367 0.0289608
12.875 -78.922 0.000405185 0.0287587
12.9 -78.9265 0.000396909 0.0285584
12.925 -78.9308 0.000388838 0.02836
12.95 -78.9351 0.000380966 0.0281633
12.975 -78.9394 0.000373288 0.0279684
13 -78.9435 0.0003658 0.0277753
13.025 -78.9475 0.000358496 0.0275839
13.05 -78.9514 0.000351373 0.0273942
13.075 -78.9553 0.000344426 0.0272062
13.1 -78.959 0.000337651 0.0270199
13.125 -78.9627 0.000331042 0.0268353
13.15 -78.9663 0.000324597 0.0266522
13.175 -78.9698 0.000318311 0.0264708
13.2 -78.9732 0.00031218 0.026291
13.225 -78.9765 0.000306201 0.0261127
13.25 -78.9798 0.000300369 0.025936
13.275 -78.983 0.000294681 0.0257609
13.3 -78.986 0.000289134 0.0255872
13.325 -78.9891 0.000283723 0.0254151
13.35 -78.992 0.000278447 0.0252444
13.375 -78.9948 0.0002733 0.0250752
13.4 -78.9976 0.00026828 0.0249075
13.425 -79.0003 0.000263385 0.0247412
13.45 -79.0029 0.00025861 0.0245763
13.475 -79.0055 0.000253953 0.0244128
13.5 -79.0079 0.000249412 0.0242507
13.525 -79.0103 0.000244982 0.02409
13.55 -79.0127 0.000240662 0.0239306
13.575 -79.0149 0.000236448 0.0237726
13.6 -79.0171 0.000232338 0.0236158
13.625 -79.0192 0.00022833 0.0234604
13.65 -79.0212 0.000224421 0.0233063
13.675 -79.0232 0.000220608 0.0231535
13.7 -79.0251 0.00021689 0.0230019
13.725 -79.0269 0.000213263 0.0228516
13.75 -79.0287 0.000209726 0.0227025
13.775 -79.0304 0.000206276 0.0225546
13.8 -79.032 0.000202911 0.0224079
13.825 -79.0336 0.00019963 0.0222625
13.85 -79.0351 0.000196429 0.0221182
13.875 -79.0366 0.000193308 0.0219751
13.9 -79.0379 0.000190263 0.0218331
13.925 -79.0392 0.000187294 0.0216923
13.95 -79.0405 0.000184398 0.0215526
13.975 -79.0417 0.000181573 0.021414
14 -79.0428 0.000178819 0.0212766
14.025 -79.0439 0.000176132 0.0211402
14.05 -79.0449 0.000173511 0.0210049
14.075 -79.0459 0.000170956 0.0208707
14.1 -79.0468 0.000168463 0.0207376
14.125 -79.0476 0.000166032 0.0206055
14.15 -79.0484 0.000163661 0.0204744
14.175 -79.0491 0.000161349 0.0203444
14.2 -79.0498 0.000159093 0.0202153
14.225 -79.0504 0.000156893 0.0200873
14.25 -79.0509 0.000154748 0.0199603
14.275 -79.0514 0.000152656 0.0198343
14.3 -79.0519 0.000150615 0.0197092
14.325 -79.0523 0.000148624 0.0195851
14.35 -79.0526 0.000146683 0.0194619
14.375 -79.0529 0.00014479 0.0193397
14.4 -79.0532 0.000142943 0.0192185
14.425 -79.0533 0.000141142 0.0190981
14.45 -79.0535 0.000139386 0.0189787
14.475 -79.0536 0.000137673 0.0188601
14.5 -79.0536 0.000136002 0.0187425
14.525 -79.0536 0.000134372 0.0186258
14.55 -79.0535 0.000132783 0.0185099
14.575 -79.0534 0.000131233 0.0183949
14.6 -79.0533 0.000129721 0.0182808
14.625 -79.0531 0.000128246 0.0181675
14.65 -79.0528 0.000126808 0.018055
14.675 -79.0525 0.000125406 0.0179434
14.7 -79.0522 0.000124038 0.0178326
14.725 -79.0518 0.000122704 0.0177227
14.75 -79.0514 0.000121402 0.0176135
14.775 -79.0509 0.000120133 0.0175052
14.8 -79.0504 0.000118895 0.0173976
14.825 -79.0499 0.000117688 0.0172908
14.85 -79.0493 0.000116511 0.0171848
14.875 -79.0486 0.000115362 0.0170796
14.9 -79.0479 0.000114242 0.0169751
14.925 -79.0472 0.00011315 0.0168714
14.95 -79.0464 0.000112085 0.0167685
14.975 -79.0456 0.000111046 0.0166663
15 -79.0448 0.000110032 0.0165648
15.025 -79.0439 0.000109044 0.016464
15.05 -79.043 0.00010808 0.016364
15.075 -79.042 0.00010714 0.0162647
15.1 -79.041 0.000106223 0.0161661
15.125 -79.0399 0.000105328 0.0160682
15.15 -79.0389 0.000104456 0.015971
15.175 -79.0377 0.000103605 0.0158744
15.2 -79.0366 0.000102776 0.0157786
15.225 -79.0354 0.000101966 0.0156834
15.25 -79.0342 0.000101177 0.0155889
15.275 -79.0329 0.000100407 0.0154951
15.3 -79.0316 9.96565e-05 0.0154019
15.325 -79.0303 9.89243e-05 0.0153093
15.35 -79.0289 9.82102e-05 0.0152174
15.375 -79.0275 9.75137e-05 0.0151262
15.4 -79.0261 9.68343e-05 0.0150356
15.425 -79.0246 9.61718e-05 0.0149456
15.45 -79.0231 9.55256e-05 0.0148562
15.475 -79.0215 9.48954e-05 0.0147674
15.5 -79.02 9.42807e-05 0.0146793
15.525 -79.0184 9.36812e-05 0.0145917
15.55 -79.0167 9.30965e-05 0.0145048
15.575 -79.0151 9.25263e-05 0.0144184
15.6 -79.0134 9.19701e-05 0.0143326
15.625 -79.0116 9.14277e-05 0.0142475
15.65 -79.0099 9.08986e-05 0.0141628
15.675 -79.0081 9.03826e-05 0.0140788
15.7 -79.0063 8.98794e-05 0.0139953
15.725 -79.0044 8.93885e-05 0.0139124
15.75 -79.0025 8.89098e-05 0.0138301
15.775 -79.0006 8.8443e-05 0.0137483
15.8 -78.9987 8.79876e-05 0.0136671
15.825 -78.9967 8.75435e-05 0.0135863
15.85 -78.9947 8.71103e-05 0.0135062
15.875 -78.9927 8.66879e-05 0.0134266
15.9 -78.9907 8.62759e-05 0.0133475
15.925 -78.9886 8.5874e-05 0.0132689
15.95 -78.9865 8.54821e-05 0.0131908
15.975 -78.9843 8.50998e-05 0.0131133
16 -78.9822 8.4727e-05 0.0130363
16.025 -78.98 8.43634e-05 0.0129597
16.05 -78.9778 8.40088e-05 0.0128837
16.075 -78.9756 8.36629e-05 0.0128082
16.1 -78.9733 8.33255e-05 0.0127332
16.125 -78.971 8.29965e-05 0.0126586
16.15 -78.9687 8.26756e-05 0.0125846
16.175 -78.9664 8.23627e-05 0.012511
16.2 -78.964 8.20574e-05 0.0124379
16.225 -78.9616 8.17597e-05 0.0123653
16.25 -78.9592 8.14694e-05 0.0122932
16.275 -78.9568 8.11862e-05 0.0122215
16.3 -78.9543 8.091e-05 0.0121503
16.325 -78.9518 8.06407e-05 0.0120796
16.35 -78.9493 8.03779e-05 0.0120093
16.375 -78.9468 8.01217e-05 0.0119394
16.4 -78.9443 7.98718e-05 0.01187
16.425 -78.9417 7.96281e-05 0.0118011
16.45 -78.9391 7.93904e-05 0.0117326
16.475 -78.9365 7.91585e-05 0.0116645
16.5 -78.9339 7.89324e-05 0.0115968
16.525 -78.9312 7.87118e-05 0.0115296
16.55 -78.9285 7.84967e-05 0.0114629
16.575 -78.9258 7.8287e-05 0.0113965
16.6 -78.9231 7.80823e-05 0.0113306
16.625 -78.9204 7.78828e-05 0.011265
16.65 -78.9176 7.76882e-05 0.0111999
16.675 -78.9148 7.74983e-05 0.0111352
16.7 -78.912 7.73132e-05 0.011071
16.725 -78.9092 7.71326e-05 0.0110071
16.75 -78.9064 7.69565e-05 0.0109436
16.775 -78.9035 7.67848e-05 0.0108805
16.8 -78.9006 7.66173e-05 0.0108178
16.825 -78.8977 7.64539e-05 0.0107555
16.85 -78.8948 7.62945e-05 0.0106936
16.875 -78.8919 7.61391e-05 0.0106321
16.9 -78.8889 7.59876e-05 0.0105709
16.925 -78.886 7.58397e-05 0.0105102
16.95 -78.883 7.56955e-05 0.0104498
16.975 -78.88 7.55549e-05 0.0103898
17 -78.877 7.54178e-05 0.0103302
17.025 -78.8739 7.5284e-05 0.0102709
17.05 -78.8709 7.51535e-05 0.010212
17.075 -78.8678 7.50263e-05 0.0101535
17.1 -78.8647 7.49022e-05 0.0100953
17.125 -78.8616 7.47812e-05 0.0100375
17.15 -78.8585 7.46631e-05 0.00998
17.175 -78.8553 7.4548e-05 0.00992289
17.2 -78.8522 7.44357e-05 0.00986613
17.225 -78.849 7.43262e-05 0.00980971
17.25 -78.8458 7.42194e-05 0.00975364
17.275 -78.8426 7.41152e-05 0.00969792
17.3 -78.8394 7.40136e-05 0.00964253
17.325 -78.8362 7.39145e-05 0.00958748
17.35 -78.8329 7.38178e-05 0.00953277
17.375 -78.8297 7.37236e-05 0.00947839
17.4 -78.8264 7.36316e-05 0.00942434
17.425 -78.8231 7.3542e-05 0.00937061
17.45 -78.8198 7.34545e-05 0.00931722
17.475 -78.8165 7.33692e-05 0.00926414
17.5 -78.8131 7.3286e-05 0.00921139
17.525 -78.8098 7.32049e-05 0.00915895
17.55 -78.8064 7.31258e-05 0.00910683
17.575 -78.803 7.30486e-05 0.00905503
17.6 -78.7996 7.29733e-05 0.00900354
17.625 -78.7962 7.28999e-05 0.00895235
17.65 -78.7928 7.28283e-05 0.00890148
17.675 -78.7894 7.27585e-05 0.00885091
17.7 -78.7859 7.26904e-05 0.00880064
17.725 -78.7825 7.2624e-05 0.00875067
17.75 -78.779 7.25592e-05 0.008701
17.775 -78.7755 7.2496e-05 0.00865163
17.8 -78.772 7.24344e-05 0.00860256
17.825 -78.7685 7.23743e-05 0.00855377
17.85 -78.765 7.23156e-05 0.00850528
17.875 -78.7615 7.22585e-05 0.00845708
17.9 -78.7579 7.22027e-05 0.00840916
17.925 -78.7544 7.21483e-05 0.00836152
17.95 -78.7508 7.20953e-05 0.00831417
17.975 -78.7472 7.20435e-05 0.0082671
18 -78.7436 7.19931e-05 0.00822031
18.025 -78.74 7.19439e-05 0.0081738
18.05 -78.7364 7.18959e-05 0.00812756
18.075 -78.7328 7.18491e-05 0.0080816
18.1 -78.7292 7.18034e-05 0.0080359
18.125 -78.7255 7.17589e-05 0.00799048
18.15 -78.7219 7.17155e-05 0.00794532
18.175 -78.7182 7.16731e-05 0.00790043
18.2 -78.7145 7.16318e-05 0.0078558
18.225 -78.7108 7.15915e-05 0.00781144
18.25 -78.7071 7.15522e-05 0.00776734
18.275 -78.7034 7.15139e-05 0.00772349
18.3 -78.6997 7.14765e-05 0.0076799
18.325 -78.696 7.14401e-05 0.00763657
18.35 -78.6922 7.14045e-05 0.00759349
18.375 -78.6885 7.13698e-05 0.00755067
18.4 -78.6847 7.1336e-05 0.00750809
18.425 -78.681 7.1303e-05 0.00746577
18.45 -78.6772 7.12708e-05 0.00742369
18.475 -78.6734 7.12395e-05 0.00738185
18.5 -78.6696 7.12089e-05 0.00734026
18.525 -78.6658 7.1179e-05 0.00729891
18.55 -78.662 7.11499e-05 0.0072578
18.575 -78.6582 7.11215e-05 0.00721694
18.6 -78.6543 7.10938e-05 0.00717631
18.625 -78.6505 7.10668e-05 0.00713591
18.65 -78.6466 7.10405e-05 0.00709575
18.675 -78.6428 7.10148e-05 0.00705582
18.7 -78.6389 7.09897e-05 0.00701613
18.725 -78.635 7.09653e-05 0.00697666
18.75 -78.6311 7.09415e-05 0.00693742
18.775 -78.6272 7.09182e-05 0.00689841
18.8 -78.6233 7.08956e-05 0.00685963
18.825 -78.6194 7.08734e-05 0.00682107
18.85 -78.6155 7.08519e-05 0.00678273
18.875 -78.6116 7.08308e-05 0.00674461
18.9 -78.6077 7.08103e-05 0.00670672
18.925 -78.6037 7.07903e-05 0.00666904
18.95 -78.5998 7.07708e-05 0.00663158
18.975 -78.5958 7.07518e-05 0.00659433
19 -78.5919 7.07332e-05 0.0065573
19.025 -78.5879 7.07151e-05 0.00652048
19.05 -78.5839 7.06975e-05 0.00648388
19.075 -78.5799 7.06802e-05 0.00644748
19.1 -78.5759 7.06634e-05 0.00641129
19.125 -78.5719 7.06471e-05 0.00637531
19.15 -78.5679 7.06311e-05 0.00633954
19.175 -78.5639 7.06155e-05 0.00630397
19.2 -78.5599 7.06003e-05 0.00626861
19.225 -78.5559 7.05855e-05 0.00623344
19.25 -78.5518 7.0571e-05 0.00619848
19.275 -78.5478 7.05569e-05 0.00616372
19.3 -78.5438 7.05432e-05 0.00612916
19.325 -78.5397 7.05298e-05 0.0060948
19.35 -78.5356 7.05167e-05 0.00606063
19.375 -78.5316 7.05039e-05 0.00602665
19.4 -78.5275 7.04915e-05 0.00599287
19.425 -78.5234 7.04794e-05 0.00595929
19.45 -78.5193 7.04675e-05 0.00592589
19.475 -78.5153 7.0456e-05 0.00589269
19.5 -78.5112 7.04447e-05 0.00585967
19.525 -78.5071 7.04337e-05 0.00582684
19.55 -78.503 7.0423e-05 0.0057942
19.575 -78.4988 7.04126e-05 0.00576175
19.6 -78.4947 7.04024e-05 0.00572948
19.625 -78.4906 7.03925e-05 0.00569739
19.65 -78.4865 7.03828e-05 0.00566548
19.675 -78.4823 7.03733e-05 0.00563376
19.7 -78.4782 7.03641e-05 0.00560221
19.725 -78.474 7.03551e-05 0.00557085
19.75 -78.4699 7.03463e-05 0.00553966
19.775 -78.4657 7.03378e-05 0.00550865
19.8 -78.4616 7.03295e-05 0.00547782
19.825 -78.4574 7.03213e-05 0.00544716
19.85 -78.4532 7.03134e-05 0.00541667
19.875 -78.4491 7.03056e-05 0.00538636
19.9 -78.4449 7.02981e-05 0.00535621
19.925 -78.4407 7.02907e-05 0.00532624
19.95 -78.4365 7.02836e-05 0.00529644
19.975 -78.4323 7.02766e-05 0.0052668
20 -78.4281 7.02697e-05 0.00523734
20.025 -78.4239 7.02631e-05 0.00520804
20.05 -78.4197 7.02566e-05 0.0051789
20.075 -78.4155 7.02502e-05 0.00514993
20.1 -78.4112 7.02441e-05 0.00512112
20.125 -78.407 7.0238e-05 0.00509248
20.15 -78.4028 7.02322e-05 0.005064
20.175 -78.3986 7.02264e-05 0.00503567
20.2 -78.3943 7.02208e-05 0.00500751
20.225 -78.3901 7.02154e-05 0.00497951
20.25 -78.3858 7.02101e-05 0.00495166
20.275 -78.3816 7.02049e-05 0.00492397
20.3 -78.3773 7.01998e-05 0.00489644
20.325 -78.3731 7.01949e-05 0.00486906
20.35 -78.3688 7.01901e-05 0.00484183
20.375 -78.3646 7.01854e-05 0.00481476
20.4 -78.3603 7.01808e-05 0.00478784
20.425 -78.356 7.01763e-05 0.00476107
20.45 -78.3517 7.0172e-05 0.00473445
20.475 -78.3475 7.01677e-05 0.00470799
20.5 -78.3432 7.01636e-05 0.00468167
20.525 -78.3389 7.01596e-05 0.00465549
20.55 -78.3346 7.01556e-05 0.00462947
20.575 -78.3303 7.01518e-05 0.00460359
20.6 -78.326 7.0148e-05 0.00457785
20.625 -78.3217 7.01444e-05 0.00455226
20.65 -78.3174 7.01408e-05 0.00452682
20.675 -78.3131 7.01373e-05 0.00450151
20.7 -78.3088 7.01339e-05 0.00447635
20.725 -78.3045 7.01306e-05 0.00445133
20.75 -78.3001 7.01274e-05 0.00442645
20.775 -78.2958 7.01243e-05 0.00440171
20.8 -78.2915 7.01212e-05 0.0043771
20.825 -78.2872 7.01182e-05 0.00435264
20.85 -78.2828 7.01153e-05 0.00432831
20.875 -78.2785 7.01124e-05 0.00430412
20.9 -78.2742 7.01097e-05 0.00428006
20.925 -78.2698 7.0107e-05 0.00425614
20.95 -78.2655 7.01043e-05 0.00423235
20.975 -78.2611 7.01017e-05 0.00420869
21 -78.2568 7.00992e-05 0.00418517
21.025 -78.2524 7.00968e-05 0.00416178
21.05 -78.2481 7.00944e-05 0.00413851
21.075 -78.2437 7.00921e-05 0.00411538
21.1 -78.2394 7.00898e-05 0.00409238
21.125 -78.235 7.00876e-05 0.00406951
21.15 -78.2306 7.00854e-05 0.00404676
21.175 -78.2263 7.00833e-05 0.00402414
21.2 -78.2219 7.00812e-05 0.00400165
21.225 -78.2175 7.00792e-05 0.00397928
21.25 -78.2132 7.00773e-05 0.00395704
21.275 -78.2088 7.00754e-05 0.00393492
21.3 -78.2044 7.00735e-05 0.00391292
21.325 -78.2 7.00717e-05 0.00389105
21.35 -78.1956 7.00699e-05 0.0038693
21.375 -78.1913 7.00682e-05 0.00384767
21.4 -78.1869 7.00665e-05 0.00382616
21.425 -78.1825 7.00649e-05 0.00380477
21.45 -78.1781 7.00633e-05 0.0037835
21.475 -78.1737 7.00617e-05 0.00376235
21.5 -78.1693 7.00602e-05 0.00374131
21.525 -78.1649 7.00587e-05 0.0037204
21.55 -78.1605 7.00573e-05 0.0036996
21.575 -78.1561 7.00558e-05 0.00367891
21.6 -78.1517 7.00545e-05 0.00365834
21.625 -78.1473 7.00531e-05 0.00363789
21.65 -78.1429 7.00518e-05 0.00361755
21.675 -78.1385 7.00505e-05 0.00359732
21.7 -78.1341 7.00493e-05 0.0035772
21.725 -78.1297 7.00481e-05 0.0035572
21.75 -78.1252 7.00469e-05 0.00353731
21.775 -78.1208 7.00457e-05 0.00351753
21.8 -78.1164 7.00446e-05 0.00349786
21.825 -78.112 7.00435e-05 0.00347829
21.85 -78.1076 7.00424e-05 0.00345884
21.875 -78.1031 7.00414e-05 0.0034395
21.9 -78.0987 7.00403e-05 0.00342026
21.925 -78.0943 7.00393e-05 0.00340113
21.95 -78.0899 7.00384e-05 0.0033821
21.975 -78.0854 7.00374e-05 0.00336318
22 -78.081 7.00365e-05 0.00334437
22.025 -78.0766 7.00356e-05 0.00332566
22.05 -78.0722 7.00347e-05 0.00330706
22.075 -78.0677 7.00339e-05 0.00328856
22.1 -78.0633 7.0033e-05 0.00327016
22.125 -78.0589 7.00322e-05 0.00325186
22.15 -78.0544 7.00314e-05 0.00323367
22.175 -78.05 7.00306e-05 0.00321557
22.2 -78.0455 7.00299e-05 0.00319758
22.225 -78.0411 7.00291e-05 0.00317968
22.25 -78.0367 7.00284e-05 0.00316189
22.275 -78.0322 7.00277e-05 0.00314419
22.3 -78.0278 7.0027e-05 0.0031266
22.325 -78.0233 7.00264e-05 0.0031091
22.35 -78.0189 7.00257e-05 0.0030917
22.375 -78.0144 7.00251e-05 0.00307439
22.4 -78.01 7.00245e-05 0.00305718
22.425 -78.0055 7.00239e-05 0.00304007
22.45 -78.0011 7.00233e-05 0.00302305
22.475 -77.9966 7.00227e-05 0.00300612
22.5 -77.9922 7.00221e-05 0.00298929
22.525 -77.9877 7.00216e-05 0.00297255
22.55 -77.9833 7.00211e-05 0.00295591
22.575 -77.9788 7.00205e-05 0.00293936
22.6 -77.9744 7.002e-05 0.0029229
22.625 -77.9699 7.00195e-05 0.00290653
22.65 -77.9655 7.00191e-05 0.00289025
22.675 -77.961 7.00186e-05 0.00287406
22.7 -77.9565 7.00181e-05 0.00285796
22.725 -77.9521 7.00177e-05 0.00284195
22.75 -77.9476 7.00172e-05 0.00282603
22.775 -77.9432 7.00168e-05 0.0028102
22.8 -77.9387 7.00164e-05 0.00279446
22.825 -77.9343 7.0016e-05 0.0027788
22.85 -77.9298 7.00156e-05 0.00276323
22.875 -77.9253 7.00152e-05 0.00274775
22.9 -77.9209 7.00148e-05 0.00273235
22.925 -77.9164 7.00145e-05 0.00271704
22.95 -77.9119 7.00141e-05 0.00270181
22.975 -77.9075 7.00138e-05 0.00268667
23 -77.903 7.00134e-05 0.00267161
23.025 -77.8986 7.00131e-05 0.00265663
23.05 -77.8941 7.00128e-05 0.00264174
23.075 -77.8896 7.00125e-05 0.00262693
23.1 -77.8852 7.00122e-05 0.0026122
23.125 -77.8807 7.00119e-05 0.00259755
23.15 -77.8762 7.00116e-05 0.00258299
23.175 -77.8718 7.00113e-05 0.0025685
23.2 -77.8673 7.0011e-05 0.0025541
23.225 -77.8628 7.00107e-05 0.00253978
23.25 -77.8584 7.00105e-05 0.00252553
23.275 -77.8539 7.00102e-05 0.00251137
23.3 -77.8494 7.00099e-05 0.00249728
23.325 -77.845 7.00097e-05 0.00248327
23.35 -77.8405 7.00095e-05 0.00246934
23.375 -77.836 7.00092e-05 0.00245548
23.4 -77.8316 7.0009e-05 0.00244171
23.425 -77.8271 7.00088e-05 0.00242801
23.45 -77.8226 7.00086e-05 0.00241438
23.475 -77.8182 7.00084e-05 0.00240083
23.5 -77.8137 7.00081e-05 0.00238736
23.525 -77.8092 7.00079e-05 0.00237396
23.55 -77.8048 7.00077e-05 0.00236063
23.575 -77.8003 7.00076e-05 0.00234738
23.6 -77.7958 7.00074e-05 0.0023342
23.625 -77.7914 7.00072e-05 0.0023211
23.65 -77.7869 7.0007e-05 0.00230806
23.675 -77.7824 7.00068e-05 0.0022951
23.7 -77.778 7.00067e-05 0.00228221
23.725 -77.7735 7.00065e-05 0.0022694
23.75 -77.769 7.00063e-05 0.00225665
23.775 -77.7646 7.00062e-05 0.00224398
23.8 -77.7601 7.0006e-05 0.00223137
23.825 -77.7556 7.00059e-05 0.00221884
23.85 -77.7512 7.00057e-05 0.00220637
23.875 -77.7467 7.00056e-05 0.00219397
23.9 -77.7422 7.00055e-05 0.00218165
23.925 -77.7378 7.00053e-05 0.00216939
23.95 -77.7333 7.00052e-05 0.0021572
23.975 -77.7289 7.00051e-05 0.00214507
24 -77.7244 7.00049e-05 0.00213302
24.025 -77.7199 7.00048e-05 0.00212103
24.05 -77.7155 7.00047e-05 0.0021091
24.075 -77.711 7.00046e-05 0.00209725
24.1 -77.7065 7.00045e-05 0.00208545
24.125 -77.7021 7.00044e-05 0.00207373
24.15 -77.6976 7.00043e-05 0.00206207
24.175 -77.6932 7.00041e-05 0.00205047
24.2 -77.6887 7.0004e-05 0.00203894
24.225 -77.6842 7.00039e-05 0.00202747
24.25 -77.6798 7.00038e-05 0.00201607
24.275 -77.6753 7.00038e-05 0.00200473
24.3 -77.6709 7.00037e-05 0.00199345
24.325 -77.6664 7.00036e-05 0.00198223
24.35 -77.662 7.00035e-05 0.00197108
24.375 -77.6575 7.00034e-05 0.00195999
24.4 -77.6531 7.00033e-05 0.00194896
24.425 -77.6486 7.00032e-05 0.00193799
24.45 -77.6441 7.00032e-05 0.00192708
24.475 -77.6397 7.00031e-05 0.00191623
24.5 -77.6352 7.0003e-05 0.00190545
24.525 -77.6308 7.00029e-05 0.00189472
24.55 -77.6263 7.00029e-05 0.00188405
24.575 -77.6219 7.00028e-05 0.00187344
24.6 -77.6174 7.00027e-05 0.00186289
24.625 -77.613 7.00026e-05 0.0018524
24.65 -77.6085 7.00026e-05 0.00184197
24.675 -77.6041 7.00025e-05 0.00183159
24.7 -77.5996 7.00025e-05 0.00182128
24.725 -77.5952 7.00024e-05 0.00181102
24.75 -77.5908 7.00023e-05 0.00180081
24.775 -77.5863 7.00023e-05 0.00179067
24.8 -77.5819 7.00022e-05 0.00178058
24.825 -77.5774 7.00022e-05 0.00177054
24.85 -77.573 7.00021e-05 0.00176056
24.875 -77.5685 7.00021e-05 0.00175064
24.9 -77.5641 7.0002e-05 0.00174077
24.925 -77.5597 7.0002e-05 0.00173096
24.95 -77.5552 7.00019e-05 0.0017212
24.975 -77.5508 7.00019e-05 0.0017115
25 -77.5464 7.00018e-05 0.00170185
25.025 -77.5419 7.00018e-05 0.00169225
25.05 -77.5375 7.00017e-05 0.00168271
25.075 -77.533 7.00017e-05 0.00167322
25.1 -77.5286 7.00016e-05 0.00166378
25.125 -77.5242 7.00016e-05 0.00165439
25.15 -77.5198 7.00016e-05 0.00164506
25.175 -77.5153 7.00015e-05 0.00163578
25.2 -77.5109 7.00015e-05 0.00162655
25.225 -77.5065 7.00015e-05 0.00161737
25.25 -77.502 7.00014e-05 0.00160824
25.275 -77.4976 7.00014e-05 0.00159916
25.3 -77.4932 7.00013e-05 0.00159014
25.325 -77.4888 7.00013e-05 0.00158116
25.35 -77.4843 7.00013e-05 0.00157224
25.375 -77.4799 7.00012e-05 0.00156336
25.4 -77.4755 7.00012e-05 0.00155453
25.425 -77.4711 7.00012e-05 0.00154575
25.45 -77.4667 7.00012e-05 0.00153702
25.475 -77.4622 7.00011e-05 0.00152834
25.5 -77.4578 7.00011e-05 0.00151971
25.525 -77.4534 7.00011e-05 0.00151113
25.55 -77.449 7.0001e-05 0.00150259
25.575 -77.4446 7.0001e-05 0.0014941
25.6 -77.4402 7.0001e-05 0.00148566
25.625 -77.4358 7.0001e-05 0.00147726
25.65 -77.4314 7.00009e-05 0.00146891
25.675 -77.427 7.00009e-05 0.00146061
25.7 -77.4225 7.00009e-05 0.00145236
25.725 -77.4181 7.00009e-05 0.00144415
25.75 -77.4137 7.00009e-05 0.00143598
25.775 -77.4093 7.00008e-05 0.00142786
25.8 -77.4049 7.00008e-05 0.00141979
25.825 -77.4005 7.00008e-05 0.00141176
25.85 -77.3961 7.00008e-05 0.00140378
25.875 -77.3917 7.00008e-05 0.00139584
25.9 -77.3873 7.00007e-05 0.00138794
25.925 -77.3829 7.00007e-05 0.00138009
25.95 -77.3785 7.00007e-05 0.00137228
25.975 -77.3742 7.00007e-05 0.00136452
26 -77.3698 7.00007e-05 0.0013568
26.025 -77.3654 7.00007e-05 0.00134912
26.05 -77.361 7.00006e-05 0.00134149
26.075 -77.3566 7.00006e-05 0.00133389
26.1 -77.3522 7.00006e-05 0.00132634
26.125 -77.3478 7.00006e-05 0.00131884
26.15 -77.3434 7.00006e-05 0.00131137
26.175 -77.3391 7.00006e-05 0.00130395
26.2 -77.3347 7.00005e-05 0.00129656
26.225 -77.3303 7.00005e-05 0.00128922
26.25 -77.3259 7.00005e-05 0.00128192
26.275 -77.3215 7.00005e-05 0.00127466
26.3 -77.3172 7.00005e-05 0.00126744
26.325 -77.3128 7.00005e-05 0.00126026
26.35 -77.3084 7.00005e-05 0.00125312
26.375 -77.3041 7.00005e-05 0.00124602
26.4 -77.2997 7.00004e-05 0.00123896
26.425 -77.2953 7.00004e-05 0.00123194
26.45 -77.291 7.00004e-05 0.00122496
26.475 -77.2866 7.00004e-05 0.00121801
26.5 -77.2822 7.00004e-05 0.00121111
26.525 -77.2779 7.00004e-05 0.00120424
26.55 -77.2735 7.00004e-05 0.00119742
26.575 -77.2691 7.00004e-05 0.00119063
26.6 -77.2648 7.00004e-05 0.00118387
26.625 -77.2604 7.00004e-05 0.00117716
26.65 -77.2561 7.00003e-05 0.00117048
26.675 -77.2517 7.00003e-05 0.00116385
26.7 -77.2474 7.00003e-05 0.00115724
26.725 -77.243 7.00003e-05 0.00115068
26.75 -77.2387 7.00003e-05 0.00114415
26.775 -77.2343 7.00003e-05 0.00113766
26.8 -77.23 7.00003e-05 0.0011312
26.825 -77.2256 7.00003e-05 0.00112478
26.85 -77.2213 7.00003e-05 0.0011184
26.875 -77.217 7.00003e-05 0.00111205
26.9 -77.2126 7.00003e-05 0.00110574
26.925 -77.2083 7.00003e-05 0.00109946
26.95 -77.204 7.00003e-05 0.00109322
26.975 -77.1996 7.00003e-05 0.00108701
27 -77.1953 7.00002e-05 0.00108084
27.025 -77.191 7.00002e-05 0.0010747
27.05 -77.1866 7.00002e-05 0.0010686
27.075 -77.1823 7.00002e-05 0.00106253
27.1 -77.178 7.00002e-05 0.00105649
27.125 -77.1737 7.00002e-05 0.00105049
27.15 -77.1693 7.00002e-05 0.00104452
27.175 -77.165 7.00002e-05 0.00103859
27.2 -77.1607 7.00002e-05 0.00103268
27.225 -77.1564 7.00002e-05 0.00102681
27.25 -77.1521 7.00002e-05 0.00102098
27.275 -77.1477 7.00002e-05 0.00101517
27.3 -77.1434 7.00002e-05 0.0010094
27.325 -77.1391 7.00002e-05 0.00100366
27.35 -77.1348 7.00002e-05 0.000997958
27.375 -77.1305 7.00002e-05 0.000992284
27.4 -77.1262 7.00002e-05 0.000986641
27.425 -77.1219 7.00002e-05 0.000981029
27.45 -77.1176 7.00002e-05 0.000975449
27.475 -77.1133 7.00002e-05 0.000969901
27.5 -77.109 7.00001e-05 0.000964383
27.525 -77.1047 7.00001e-05 0.000958896
27.55 -77.1004 7.00001e-05 0.00095344
27.575 -77.0961 7.00001e-05 0.000948015
27.6 -77.0918 7.00001e-05 0.000942619
27.625 -77.0875 7.00001e-05 0.000937255
27.65 -77.0832 7.00001e-05 0.00093192
27.675 -77.079 7.00001e-05 0.000926615
27.7 -77.0747 7.00001e-05 0.00092134
27.725 -77.0704 7.00001e-05 0.000916094
27.75 -77.0661 7.00001e-05 0.000910878
27.775 -77.0618 7.00001e-05 0.000905691
27.8 -77.0576 7.00001e-05 0.000900533
27.825 -77.0533 7.00001e-05 0.000895404
27.85 -77.049 7.00001e-05 0.000890303
27.875 -77.0447 7.00001e-05 0.000885232
27.9 -77.0405 7.00001e-05 0.000880188
27.925 -77.0362 7.00001e-05 0.000875173
27.95 -77.0319 7.00001e-05 0.000870186
27.975 -77.0277 7.00001e-05 0.000865228
28 -77.0234 7.00001e-05 0.000860296
28.025 -77.0191 7.00001e-05 0.000855393
28.05 -77.0149 7.00001e-05 0.000850517
28.075 -77.0106 7.00001e-05 0.000845669
28.1 -77.0064 7.00001e-05 0.000840847
28.125 -77.0021 7.00001e-05 0.000836053
28.15 -76.9979 7.00001e-05 0.000831286
28.175 -76.9936 7.00001e-05 0.000826545
28.2 -76.9894 7.00001e-05 0.000821831
28.225 -76.9851 7.00001e-05 0.000817143
28.25 -76.9809 7.00001e-05 0.000812482
28.275 -76.9766 7.00001e-05 0.000807847
28.3 -76.9724 7.00001e-05 0.000803238
28.325 -76.9682 7.00001e-05 0.000798655
28.35 -76.9639 7.00001e-05 0.000794097
28.375 -76.9597 7.00001e-05 0.000789566
28.4 -76.9555 7.00001e-05 0.000785059
28.425 -76.9512 7.00001e-05 0.000780578
28.45 -76.947 7.00001e-05 0.000776122
28.475 -76.9428 7.00001e-05 0.000771692
28.5 -76.9385 7.00001e-05 0.000767286
28.525 -76.9343 7.00001e-05 0.000762905
28.55 -76.9301 7.00001e-05 0.000758548
28.575 -76.9259 7.00001e-05 0.000754216
28.6 -76.9217 7.00001e-05 0.000749908
28.625 -76.9175 7e-05 0.000745625
28.65 -76.9132 7e-05 0.000741366
28.675 -76.909 7e-05 0.00073713
28.7 -76.9048 7e-05 0.000732919
28.725 -76.9006 7e-05 0.000728731
28.75 -76.8964 7e-05 0.000724566
28.775 -76.8922 7e-05 0.000720425
28.8 -76.888 7e-05 0.000716308
28.825 -76.8838 7e-05 0.000712213
28.85 -76.8796 7e-05 0.000708142
28.875 -76.8754 7e-05 0.000704094
28.9 -76.8712 7e-05 0.000700068
28.925 -76.867 7e-05 0.000696065
28.95 -76.8628 7e-05 0.000692084
28.975 -76.8586 7e-05 0.000688126
29 -76.8545 7e-05 0.000684191
29.025 -76.8503 7e-05 0.000680277
29.05 -76.8461 7e-05 0.000676385
29.075 -76.8419 7e-05 0.000672516
29.1 -76.8377 7e-05 0.000668668
29.125 -76.8336 7e-05 0.000664842
29.15 -76.8294 7e-05 0.000661037
29.175 -76.8252 7e-05 0.000657254
29.2 -76.821 7e-05 0.000653492
29.225 -76.8169 7e-05 0.000649751
29.25 -76.8127 7e-05 0.000646032
29.275 -76.8085 7e-05 0.000642333
29.3 -76.8044 7e-05 0.000638655
29.325 -76.8002 7e-05 0.000634998
29.35 -76.7961 7e-05 0.000631362
29.375 -76.7919 7e-05 0.000627746
29.4 -76.7878 7e-05 0.000624151
29.425 -76.7836 7e-05 0.000620575
29.45 -76.7795 7e-05 0.00061702
29.475 -76.7753 7e-05 0.000613485
29.5 -76.7712 7e-05 0.00060997
29.525 -76.767 7e-05 0.000606475
29.55 -76.7629 7e-05 0.000603
29.575 -76.7587 7e-05 0.000599544
29.6 -76.7546 7e-05 0.000596107
29.625 -76.7505 7e-05 0.000592691
29.65 -76.7463 7e-05 0.000589293
29.675 -76.7422 7e-05 0.000585914
29.7 -76.7381 7e-05 0.000582555
29.725 -76.7339 7e-05 0.000579215
29.75 -76.7298 7e-05 0.000575893
29.775 -76.7257 7e-05 0.00057259
29.8 -76.7216 7e-05 0.000569306
29.825 -76.7175 7e-05 0.00056604
29.85 -76.7133 7e-05 0.000562793
29.875 -76.7092 7e-05 0.000559565
29.9 -76.7051 7e-05 0.000556354
29.925 -76.701 7e-05 0.000553162
29.95 -76.6969 7e-05 0.000549987
29.975 -76.6928 7e-05 0.000546831
