0 -70 7e-05 3.74149e-11
0.025 -70 7e-05 3.7415e-11
0.05 -70 7e-05 3.7415e-11
0.075 -70 7e-05 3.7415e-11
0.1 -70 7e-05 3.7415e-11
0.125 -70 7e-05 3.7415e-11
0.15 -70 7e-05 3.7415e-11
0.175 -70 7e-05 3.7415e-11
0.2 -70 7e-05 3.74151e-11
0.225 -70 7e-05 3.74151e-11
0.25 -70 7e-05 3.74151e-11
0.275 -69.9999 7e-05 3.74151e-11
0.3 -69.9999 7e-05 3.74151e-11
0.325 -69.9999 7e-05 3.74151e-11
0.35 -69.9999 7e-05 3.74151e-11
0.375 -69.9999 7e-05 3.74151e-11
0.4 -69.9999 7e-05 3.74151e-11
0.425 -69.9999 7e-05 3.74151e-11
0.45 -69.9999 7e-05 3.74152e-11
0.475 -69.9999 7e-05 3.74152e-11
0.5 -69.9999 7e-05 3.74152e-11
0.525 -69.9999 7e-05 3.74152e-11
0.55 -69.9999 7e-05 3.74152e-11
0.575 -69.9999 7e-05 3.74152e-11
0.6 -69.9999 7e-05 3.74152e-11
0.625 -69.9999 7e-05 3.74152e-11
0.65 -69.9999 7e-05 3.74152e-11
0.675 -69.9999 7e-05 3.74152e-11
0.7 -69.9999 7e-05 3.74152e-11
0.725 -69.9999 7e-05 3.74152e-11
0.75 -69.9999 7e-05 3.74153e-11
0.775 -69.9999 7e-05 3.74153e-11
0.8 -69.9999 7e-05 3.74153e-11
0.825 -69.9999 7e-05 3.74153e-11
0.85 -69.9999 7e-05 3.74153e-11
0.875 -69.9999 7e-05 3.74153e-11
0.9 -69.9999 7e-05 3.74153e-11
0.925 -69.9999 7e-05 3.74153e-11
0.95 -69.9999 7e-05 3.74153e-11
0.975 -69.9999 7e-05 3.74153e-11
1 -69.9999 7e-05 3.74153e-11
1.025 -69.9999 7e-05 3.74153e-11
1.05 -69.9999 7e-05 3.74153e-11
1.075 -69.9999 7e-05 3.74154e-11
1.1 -69.9999 7e-05 3.74154e-11
1.125 -69.9999 7e-05 3.74154e-11
1.15 -69.9998 7e-05 3.74154e-11
1.175 -69.9998 7e-05 3.74154e-11
1.2 -69.9998 7e-05 3.74154e-11
1.225 -69.9998 7e-05 3.74154e-11
1.25 -69.9998 7e-05 3.74154e-11
1.275 -69.9998 7e-05 3.74154e-11
1.3 -69.9998 7e-05 3.74154e-11
1.325 -69.9998 7e-05 3.74154e-11
1.35 -69.9998 7e-05 3.74154e-11
1.375 -69.9998 7e-05 3.74154e-11
1.4 -69.9998 7e-05 3.74155e-11
1.425 -69.9998 7e-05 3.74155e-11
1.45 -69.9998 7e-05 3.74155e-11
1.475 -69.9998 7e-05 3.74155e-11
1.5 -69.9998 7e-05 3.74155e-11
1.525 -69.9998 7e-05 3.74155e-11
1.55 -69.9998 7e-05 3.74155e-11
1.575 -69.9998 7e-05 3.74155e-11
1.6 -69.9998 7e-05 3.74155e-11
1.625 -69.9998 7e-05 3.74155e-11
1.65 -69.9998 7e-05 3.74155e-11
1.675 -69.9998 7e-05 3.74155e-11
1.7 -69.9998 7e-05 3.74155e-11
1.725 -69.9998 7e-05 3.74155e-11
1.75 -69.9998 7e-05 3.74156e-11
1.775 -69.9998 7e-05 3.74156e-11
1.8 -69.9998 7e-05 3.74156e-11
1.825 -69.9998 7e-05 3.74156e-11
1.85 -69.9998 7e-05 3.74156e-11
1.875 -69.9998 7e-05 3.74156e-11
1.9 -69.9998 7e-05 3.74156e-11
1.925 -69.9998 7e-05 3.74156e-11
1.95 -69.9998 7e-05 3.74156e-11
1.975 -69.9998 7e-05 3.74156e-11
2 -69.9998 7e-05 3.74156e-11
2.025 -69.9998 7e-05 3.74156e-11
2.05 -69.9998 7e-05 3.74156e-11
2.075 -69.9998 7e-05 3.74156e-11
2.1 -69.9998 7e-05 3.74157e-11
2.125 -69.9998 7e-05 3.74157e-11
2.15 -69.9998 7e-05 3.74157e-11
2.175 -69.9998 7e-05 3.74157e-11
2.2 -69.9998 7e-05 3.74157e-11
2.225 -69.9998 7e-05 3.74157e-11
2.25 -69.9998 7e-05 3.74157e-11
2.275 -69.9998 7e-05 3.74157e-11
2.3 -69.9998 7e-05 3.74157e-11
2.325 -69.9998 7e-05 3.74157e-11
2.35 -69.9998 7e-05 3.74157e-11
2.375 -69.9998 7e-05 3.74157e-11
2.4 -69.9998 7e-05 3.74157e-11
2.425 -69.9998 7e-05 3.74157e-11
2.45 -69.9997 7e-05 3.74158e-11
2.475 -69.9997 7e-05 3.74158e-11
2.5 -69.9997 7e-05 3.74158e-11
2.525 -69.9997 7e-05 3.74158e-11
2.55 -69.9997 7e-05 3.74158e-11
2.575 -69.9997 7e-05 3.74158e-11
2.6 -69.9997 7e-05 3.74158e-11
2.625 -69.9997 7e-05 3.74158e-11
2.65 -69.9997 7e-05 3.74158e-11
2.675 -69.9997 7e-05 3.74158e-11
2.7 -69.9997 7e-05 3.74158e-11
2.725 -69.9997 7e-05 3.74158e-11
2.75 -69.9997 7e-05 3.74158e-11
2.775 -69.9997 7e-05 3.74158e-11
2.8 -69.9997 7e-05 3.74158e-11
2.825 -69.9997 7e-05 3.74159e-11
2.85 -69.9997 7e-05 3.74159e-11
2.875 -69.9997 7e-05 3.74159e-11
2.9 -69.9997 7e-05 3.74159e-11
2.925 -69.9997 7e-05 3.74159e-11
2.95 -69.9997 7e-05 3.74159e-11
2.975 -69.9997 7e-05 3.74159e-11
3 -69.9997 7e-05 3.74159e-11
3.025 -69.9997 7e-05 3.74159e-11
3.05 -69.9997 7e-05 3.74159e-11
3.075 -69.9997 7e-05 3.74159e-11
3.1 -69.9997 7e-05 3.74159e-11
3.125 -69.9997 7e-05 3.74159e-11
3.15 -69.9997 7e-05 3.74159e-11
3.175 -69.9997 7e-05 3.74159e-11
3.2 -69.9997 7e-05 3.7416e-11
3.225 -69.9997 7e-05 3.7416e-11
3.25 -69.9997 7e-05 3.7416e-11
3.275 -69.9997 7e-05 3.7416e-11
3.3 -69.9997 7e-05 3.7416e-11
3.325 -69.9997 7e-05 3.7416e-11
3.35 -69.9997 7e-05 3.7416e-11
3.375 -69.9997 7e-05 3.7416e-11
3.4 -69.9997 7e-05 3.7416e-11
3.425 -69.9997 7e-05 3.7416e-11
3.45 -69.9997 7e-05 3.7416e-11
3.475 -69.9997 7e-05 3.7416e-11
3.5 -69.9997 7e-05 3.7416e-11
3.525 -69.9997 7e-05 3.7416e-11
3.55 -69.9997 7e-05 3.7416e-11
3.575 -69.9997 7e-05 3.74161e-11
3.6 -69.9997 7e-05 3.74161e-11
3.625 -69.9997 7e-05 3.74161e-11
3.65 -69.9997 7e-05 3.74161e-11
3.675 -69.9997 7e-05 3.74161e-11
3.7 -69.9997 7e-05 3.74161e-11
3.725 -69.9997 7e-05 3.74161e-11
3.75 -69.9997 7e-05 3.74161e-11
3.775 -69.9997 7e-05 3.74161e-11
3.8 -69.9997 7e-05 3.74161e-11
3.825 -69.9997 7e-05 3.74161e-11
3.85 -69.9997 7e-05 3.74161e-11
3.875 -69.9997 7e-05 3.74161e-11
3.9 -69.9997 7e-05 3.74161e-11
3.925 -69.9997 7e-05 3.74161e-11
3.95 -69.9997 7e-05 3.74162e-11
3.975 -69.9997 7e-05 3.74162e-11
4 -69.9997 7e-05 3.74162e-11
4.025 -69.9997 7e-05 3.74162e-11
4.05 -69.9996 7e-05 3.74162e-11
4.075 -69.9996 7e-05 3.74162e-11
4.1 -69.9996 7e-05 3.74162e-11
4.125 -69.9996 7e-05 3.74162e-11
4.15 -69.9996 7e-05 3.74162e-11
4.175 -69.9996 7e-05 3.74162e-11
4.2 -69.9996 7e-05 3.74162e-11
4.225 -69.9996 7e-05 3.74162e-11
4.25 -69.9996 7e-05 3.74162e-11
4.275 -69.9996 7e-05 3.74162e-11
4.3 -69.9996 7e-05 3.74162e-11
4.325 -69.9996 7e-05 3.74163e-11
4.35 -69.9996 7e-05 3.74163e-11
4.375 -69.9996 7e-05 3.74163e-11
4.4 -69.9996 7e-05 3.74163e-11
4.425 -69.9996 7e-05 3.74163e-11
4.45 -69.9996 7e-05 3.74163e-11
4.475 -69.9996 7e-05 3.74163e-11
4.5 -69.9996 7e-05 3.74163e-11
4.525 -69.9996 7e-05 3.74163e-11
4.55 -69.9996 7e-05 3.74163e-11
4.575 -69.9996 7e-05 3.74163e-11
4.6 -69.9996 7e-05 3.74163e-11
4.625 -69.9996 7e-05 3.74163e-11
4.65 -69.9996 7e-05 3.74163e-11
4.675 -69.9996 7e-05 3.74163e-11
4.7 -69.9996 7e-05 3.74163e-11
4.725 -69.9996 7e-05 3.74164e-11
4.75 -69.9996 7e-05 3.74164e-11
4.775 -69.9996 7e-05 3.74164e-11
4.8 -69.9996 7e-05 3.74164e-11
4.825 -69.9996 7e-05 3.74164e-11
4.85 -69.9996 7e-05 3.74164e-11
4.875 -69.9996 7e-05 3.74164e-11
4.9 -69.9996 7e-05 3.74164e-11
4.925 -69.9996 7e-05 3.74164e-11
4.95 -69.9996 7e-05 3.74164e-11
4.975 -69.9996 7e-05 3.74164e-11
5 -69.9996 7e-05 3.74164e-11
5.025 -66.4304 7e-05 4.63193e-11
5.05 -63.7151 7e-05 5.3177e-11
5.075 -61.43 7e-05 5.90669e-11
5.1 -59.4259 7e-05 6.43777e-11
5.125 -57.6263 7e-05 6.93156e-11
5.15 -55.9838 7e-05 7.40125e-11
5.175 -54.4661 7e-05 7.8562e-11
5.2 -53.0498 7e-05 8.30359e-11
5.225 -51.7166 7e-05 8.74922e-11
5.25 -50.452 7e-05 9.19809e-11
5.275 -49.2432 7e-05 9.65478e-11
5.3 -48.0784 7e-05 1.01238e-10
5.325 -46.9461 7e-05 1.06098e-10
5.35 -45.8336 7e-05 1.11181e-10
5.375 -44.7269 7e-05 1.16549e-10
5.4 -43.6092 7e-05 1.2228e-10
5.425 -42.4598 7e-05 1.28472e-10
5.45 -41.2521 7e-05 1.35258e-10
5.475 -39.9507 7e-05 1.42821e-10
5.5 -38.5064 7e-05 1.51426e-10
5.525 -36.8485 7e-05 1.61465e-10
5.55 -34.8703 7e-05 1.73552e-10
5.575 -32.405 7e-05 1.88695e-10
5.6 -29.1817 7e-05 2.08632e-10
5.625 -24.7583 7e-05 2.36524e-10
5.65 -18.4556 7e-05 2.78352e-10
5.675 -9.50879 7e-05 3.45581e-10
5.7 2.0112 7e-05 4.60757e-10
5.725 14.0404 7e-05 6.75654e-10
5.75 23.9088 7e-05 8.63862e-10
5.775 30.6245 7e-05 1.00744e-09
5.8 34.7891 7e-05 1.1361e-09
5.825 37.3718 7e-05 1.258e-09
5.85 39.0546 7e-05 1.37707e-09
5.875 40.2025 7e-05 1.49495e-09
5.9 40.9864 7e-05 1.61194e-09
5.925 41.4792 7e-05 1.72766e-09
5.95 41.7097 7e-05 1.8413e-09
5.975 41.6887 7e-05 1.95188e-09
6 41.4207 7e-05 2.05833e-09
6.025 38.6773 7e-05 2.12131e-09
6.05 36.8582 7e-05 2.19163e-09
6.075 35.2745 7e-05 2.26084e-09
6.1 33.7141 7e-05 2.32607e-09
6.125 32.0997 7e-05 2.38618e-09
6.15 30.4054 7e-05 2.44081e-09
6.175 28.6278 7e-05 2.49004e-09
6.2 26.7742 7e-05 2.53426e-09
6.225 24.8574 7e-05 2.57411e-09
6.25 22.8927 7e-05 2.61045e-09
6.275 20.896 7e-05 2.64439e-09
6.3 18.8829 7e-05 2.67732e-09
6.325 16.8679 7e-05 2.71103e-09
6.35 14.864 7e-05 2.748e-09
6.375 12.8822 7e-05 2.79195e-09
6.4 10.9319 7e-05 2.84938e-09
6.425 9.0205 7e-05 2.93399e-09
6.45 7.15366 7e-05 3.0829e-09
6.475 5.33531 7e-05 3.19904e-09
6.5 3.56779 7e-05 3.28779e-09
6.525 1.85191 7e-05 3.35365e-09
6.55 0.187106 7e-05 3.40038e-09
6.575 -1.42846 7e-05 3.43109e-09
6.6 -2.99774 7e-05 3.4483e-09
6.625 -4.52468 7e-05 3.4541e-09
6.65 -6.01406 7e-05 3.45013e-09
6.675 -7.47138 7e-05 3.43772e-09
6.7 -8.90274 7e-05 3.41791e-09
6.725 -10.3148 7e-05 3.39152e-09
6.75 -11.7146 7e-05 3.35915e-09
6.775 -13.1098 7e-05 3.32124e-09
6.8 -14.5084 7e-05 3.27811e-09
6.825 -15.9187 7e-05 3.22994e-09
6.85 -17.3495 7e-05 3.17683e-09
6.875 -18.8097 7e-05 3.11879e-09
6.9 -20.3084 7e-05 3.0558e-09
6.925 -21.8544 7e-05 2.98779e-09
6.95 -23.4557 7e-05 2.91472e-09
6.975 -25.1188 7e-05 2.83659e-09
7 -26.8476 7e-05 2.75351e-09
7.025 -28.6422 7e-05 2.66577e-09
7.05 -30.4976 7e-05 2.5739e-09
7.075 -32.402 7e-05 2.47873e-09
7.1 -34.336 7e-05 2.38144e-09
7.125 -36.2725 7e-05 2.28357e-09
7.15 -38.178 7e-05 2.1869e-09
7.175 -40.0165 7e-05 2.0933e-09
7.2 -41.7549 7e-05 2.00444e-09
7.225 -43.3682 7e-05 1.92159e-09
7.25 -44.8423 7e-05 1.84543e-09
7.275 -46.1746 7e-05 1.77611e-09
7.3 -47.3709 7e-05 1.71334e-09
7.325 -48.4417 7e-05 1.65663e-09
7.35 -49.3996 7e-05 1.60537e-09
7.375 -50.2573 7e-05 1.55896e-09
7.4 -51.0265 7e-05 1.51681e-09
7.425 -51.7181 7e-05 1.47841e-09
7.45 -52.3415 7e-05 1.44332e-09
7.475 -52.9049 7e-05 1.41113e-09
7.5 -53.4155 7e-05 1.38149e-09
7.525 -53.8795 7e-05 1.35411e-09
7.55 -54.3023 7e-05 1.32873e-09
7.575 -54.6884 7e-05 1.30513e-09
7.6 -55.0419 7e-05 1.28312e-09
7.625 -55.3661 7e-05 1.26252e-09
7.65 -55.6642 7e-05 1.2432e-09
7.675 -55.9387 7e-05 1.22502e-09
7.7 -56.1919 7e-05 1.20788e-09
7.725 -56.4259 7e-05 1.19168e-09
7.75 -56.6425 7e-05 1.17633e-09
7.775 -56.8432 7e-05 1.16176e-09
7.8 -57.0297 7e-05 1.14788e-09
7.825 -57.2031 7e-05 1.13465e-09
7.85 -57.3647 7e-05 1.122e-09
7.875 -57.5155 7e-05 1.10988e-09
7.9 -57.6564 7e-05 1.09826e-09
7.925 -57.7884 7e-05 1.08708e-09
7.95 -57.9123 7e-05 1.0763e-09
7.975 -58.0288 7e-05 1.06591e-09
8 -58.1386 7e-05 1.05585e-09
8.025 -58.2423 7e-05 1.04611e-09
8.05 -58.3404 7e-05 1.03666e-09
8.075 -58.4335 7e-05 1.02748e-09
8.1 -58.522 7e-05 1.01854e-09
8.125 -58.6063 7e-05 1.00982e-09
8.15 -58.687 7e-05 1.00131e-09
8.175 -58.7642 7e-05 9.92993e-10
8.2 -58.8384 7e-05 9.8485e-10
8.225 -58.9098 7e-05 9.76871e-10
8.25 -58.9787 7e-05 9.69042e-10
8.275 -59.0454 7e-05 9.61353e-10
8.3 -59.1101 7e-05 9.53794e-10
8.325 -59.1729 7e-05 9.46356e-10
8.35 -59.2342 7e-05 9.3903e-10
8.375 -59.294 7e-05 9.31809e-10
8.4 -59.3525 7e-05 9.24688e-10
8.425 -59.4098 7e-05 9.17658e-10
8.45 -59.4661 7e-05 9.10716e-10
8.475 -59.5215 7e-05 9.03856e-10
8.5 -59.576 7e-05 8.97074e-10
8.525 -59.6298 7e-05 8.90366e-10
8.55 -59.683 7e-05 8.83728e-10
8.575 -59.7356 7e-05 8.77157e-10
8.6 -59.7877 7e-05 8.7065e-10
8.625 -59.8394 7e-05 8.64205e-10
8.65 -59.8906 7e-05 8.57818e-10
8.675 -59.9415 7e-05 8.51489e-10
8.7 -59.9922 7e-05 8.45214e-10
8.725 -60.0425 7e-05 8.38993e-10
8.75 -60.0926 7e-05 8.32823e-10
8.775 -60.1425 7e-05 8.26704e-10
8.8 -60.1923 7e-05 8.20634e-10
8.825 -60.2419 7e-05 8.14611e-10
8.85 -60.2914 7e-05 8.08635e-10
8.875 -60.3407 7e-05 8.02705e-10
8.9 -60.39 7e-05 7.9682e-10
8.925 -60.4392 7e-05 7.90979e-10
8.95 -60.4883 7e-05 7.85182e-10
8.975 -60.5373 7e-05 7.79427e-10
9 -60.5863 7e-05 7.73714e-10
9.025 -60.6353 7e-05 7.68043e-10
9.05 -60.6842 7e-05 7.62413e-10
9.075 -60.7331 7e-05 7.56824e-10
9.1 -60.782 7e-05 7.51274e-10
9.125 -60.8309 7e-05 7.45765e-10
9.15 -60.8797 7e-05 7.40295e-10
9.175 -60.9285 7e-05 7.34864e-10
9.2 -60.9773 7e-05 7.29471e-10
9.225 -61.0261 7e-05 7.24117e-10
9.25 -61.0749 7e-05 7.18802e-10
9.275 -61.1237 7e-05 7.13524e-10
9.3 -61.1725 7e-05 7.08283e-10
9.325 -61.2212 7e-05 7.0308e-10
9.35 -61.27 7e-05 6.97914e-10
9.375 -61.3187 7e-05 6.92785e-10
9.4 -61.3674 7e-05 6.87692e-10
9.425 -61.4161 7e-05 6.82636e-10
9.45 -61.4648 7e-05 6.77616e-10
9.475 -61.5135 7e-05 6.72632e-10
9.5 -61.5621 7e-05 6.67684e-10
9.525 -61.6107 7e-05 6.62772e-10
9.55 -61.6593 7e-05 6.57895e-10
9.575 -61.7079 7e-05 6.53053e-10
9.6 -61.7564 7e-05 6.48247e-10
9.625 -61.8049 7e-05 6.43475e-10
9.65 -61.8533 7e-05 6.38738e-10
9.675 -61.9017 7e-05 6.34036e-10
9.7 -61.9501 7e-05 6.29368e-10
9.725 -61.9984 7e-05 6.24734e-10
9.75 -62.0466 7e-05 6.20135e-10
9.775 -62.0948 7e-05 6.15569e-10
9.8 -62.143 7e-05 6.11037e-10
9.825 -62.191 7e-05 6.06539e-10
9.85 -62.239 7e-05 6.02074e-10
9.875 -62.287 7e-05 5.97643e-10
9.9 -62.3349 7e-05 5.93244e-10
9.925 -62.3827 7e-05 5.88879e-10
9.95 -62.4304 7e-05 5.84546e-10
9.975 -62.478 7e-05 5.80246e-10
10 -62.5256 7e-05 5.75979e-10
10.025 -62.573 7e-05 5.71744e-10
10.05 -62.6204 7e-05 5.67541e-10
10.075 -62.6677 7e-05 5.63371e-10
10.1 -62.7148 7e-05 5.59232e-10
10.125 -62.7619 7e-05 5.55125e-10
10.15 -62.8088 7e-05 5.51049e-10
10.175 -62.8557 7e-05 5.47005e-10
10.2 -62.9024 7e-05 5.42993e-10
10.225 -62.949 7e-05 5.39011e-10
10.25 -62.9955 7e-05 5.35061e-10
10.275 -63.0419 7e-05 5.31141e-10
10.3 -63.0881 7e-05 5.27252e-10
10.325 -63.1342 7e-05 5.23394e-10
10.35 -63.1801 7e-05 5.19566e-10
10.375 -63.2259 7e-05 5.15768e-10
10.4 -63.2716 7e-05 5.12e-10
10.425 -63.3171 7e-05 5.08263e-10
10.45 -63.3625 7e-05 5.04555e-10
10.475 -63.4077 7e-05 5.00877e-10
10.5 -63.4528 7e-05 4.97228e-10
10.525 -63.4977 7e-05 4.93609e-10
10.55 -63.5424 7e-05 4.90018e-10
10.575 -63.5869 7e-05 4.86457e-10
10.6 -63.6313 7e-05 4.82925e-10
10.625 -63.6755 7e-05 4.79421e-10
10.65 -63.7196 7e-05 4.75946e-10
10.675 -63.7634 7e-05 4.725e-10
10.7 -63.8071 7e-05 4.69082e-10
10.725 -63.8505 7e-05 4.65691e-10
10.75 -63.8938 7e-05 4.62329e-10
10.775 -63.9369 7e-05 4.58994e-10
10.8 -63.9798 7e-05 4.55687e-10
10.825 -64.0225 7e-05 4.52408e-10
10.85 -64.065 7e-05 4.49156e-10
10.875 -64.1072 7e-05 4.4593e-10
10.9 -64.1493 7e-05 4.42732e-10
10.925 -64.1912 7e-05 4.39561e-10
10.95 -64.2328 7e-05 4.36416e-10
10.975 -64.2742 7e-05 4.33298e-10
11 -64.3154 7e-05 4.30206e-10
11.025 -64.3564 7e-05 4.2714e-10
11.05 -64.3972 7e-05 4.241e-10
11.075 -64.4377 7e-05 4.21086e-10
11.1 -64.478 7e-05 4.18097e-10
11.125 -64.5181 7e-05 4.15134e-10
11.15 -64.558 7e-05 4.12196e-10
11.175 -64.5976 7e-05 4.09283e-10
11.2 -64.637 7e-05 4.06395e-10
11.225 -64.6761 7e-05 4.03532e-10
11.25 -64.715 7e-05 4.00694e-10
11.275 -64.7537 7e-05 3.97879e-10
11.3 -64.7921 7e-05 3.95089e-10
11.325 -64.8303 7e-05 3.92323e-10
11.35 -64.8682 7e-05 3.89581e-10
11.375 -64.9059 7e-05 3.86863e-10
11.4 -64.9433 7e-05 3.84168e-10
11.425 -64.9805 7e-05 3.81496e-10
11.45 -65.0175 7e-05 3.78848e-10
11.475 -65.0542 7e-05 3.76223e-10
11.5 -65.0906 7e-05 3.7362e-10
11.525 -65.1268 7e-05 3.7104e-10
11.55 -65.1628 7e-05 3.68482e-10
11.575 -65.1984 7e-05 3.65947e-10
11.6 -65.2339 7e-05 3.63434e-10
11.625 -65.2691 7e-05 3.60943e-10
11.65 -65.304 7e-05 3.58473e-10
11.675 -65.3387 7e-05 3.56025e-10
11.7 -65.3731 7e-05 3.53598e-10
11.725 -65.4073 7e-05 3.51193e-10
11.75 -65.4412 7e-05 3.48809e-10
11.775 -65.4748 7e-05 3.46445e-10
11.8 -65.5083 7e-05 3.44102e-10
11.825 -65.5414 7e-05 3.4178e-10
11.85 -65.5743 7e-05 3.39478e-10
11.875 -65.6069 7e-05 3.37196e-10
11.9 -65.6393 7e-05 3.34934e-10
11.925 -65.6715 7e-05 3.32692e-10
11.95 -65.7033 7e-05 3.30469e-10
11.975 -65.735 7e-05 3.28266e-10
12 -65.7663 7e-05 3.26082e-10
12.025 -65.7975 7e-05 3.23918e-10
12.05 -65.8283 7e-05 3.21772e-10
12.075 -65.8589 7e-05 3.19645e-10
12.1 -65.8893 7e-05 3.17537e-10
12.125 -65.9194 7e-05 3.15447e-10
12.15 -65.9493 7e-05 3.13375e-10
12.175 -65.9789 7e-05 3.11321e-10
12.2 -66.0083 7e-05 3.09286e-10
12.225 -66.0374 7e-05 3.07268e-10
12.25 -66.0663 7e-05 3.05268e-10
12.275 -66.0949 7e-05 3.03285e-10
12.3 -66.1233 7e-05 3.01319e-10
12.325 -66.1514 7e-05 2.99371e-10
12.35 -66.1793 7e-05 2.9744e-10
12.375 -66.207 7e-05 2.95525e-10
12.4 -66.2344 7e-05 2.93627e-10
12.425 -66.2616 7e-05 2.91746e-10
12.45 -66.2885 7e-05 2.8988e-10
12.475 -66.3152 7e-05 2.88031e-10
12.5 -66.3417 7e-05 2.86199e-10
12.525 -66.3679 7e-05 2.84381e-10
12.55 -66.3939 7e-05 2.8258e-10
12.575 -66.4197 7e-05 2.80794e-10
12.6 -66.4452 7e-05 2.79024e-10
12.625 -66.4705 7e-05 2.77269e-10
12.65 -66.4956 7e-05 2.75529e-10
12.675 -66.5204 7e-05 2.73804e-10
12.7 -66.5451 7e-05 2.72094e-10
12.725 -66.5695 7e-05 2.70398e-10
12.75 -66.5936 7e-05 2.68718e-10
12.775 -66.6176 7e-05 2.67051e-10
12.8 -66.6413 7e-05 2.65399e-10
12.825 -66.6648 7e-05 2.63761e-10
12.85 -66.6881 7e-05 2.62137e-10
12.875 -66.7112 7e-05 2.60527e-10
12.9 -66.7341 7e-05 2.5893e-10
12.925 -66.7567 7e-05 2.57347e-10
12.95 -66.7792 7e-05 2.55778e-10
12.975 -66.8014 7e-05 2.54222e-10
13 -66.8234 7e-05 2.52679e-10
13.025 -66.8452 7e-05 2.51149e-10
13.05 -66.8668 7e-05 2.49632e-10
13.075 -66.8882 7e-05 2.48128e-10
13.1 -66.9094 7e-05 2.46636e-10
13.125 -66.9304 7e-05 2.45158e-10
13.15 -66.9512 7e-05 2.43691e-10
13.175 -66.9718 7e-05 2.42237e-10
13.2 -66.9922 7e-05 2.40795e-10
13.225 -67.0124 7e-05 2.39365e-10
13.25 -67.0324 7e-05 2.37948e-10
13.275 -67.0522 7e-05 2.36542e-10
13.3 -67.0718 7e-05 2.35147e-10
13.325 -67.0912 7e-05 2.33765e-10
13.35 -67.1105 7e-05 2.32393e-10
13.375 -67.1295 7e-05 2.31034e-10
13.4 -67.1484 7e-05 2.29685e-10
13.425 -67.1671 7e-05 2.28348e-10
13.45 -67.1856 7e-05 2.27021e-10
13.475 -67.2039 7e-05 2.25706e-10
13.5 -67.2221 7e-05 2.24402e-10
13.525 -67.24 7e-05 2.23108e-10
13.55 -67.2578 7e-05 2.21825e-10
13.575 -67.2754 7e-05 2.20552e-10
13.6 -67.2929 7e-05 2.1929e-10
13.625 -67.3102 7e-05 2.18038e-10
13.65 -67.3273 7e-05 2.16796e-10
13.675 -67.3442 7e-05 2.15564e-10
13.7 -67.361 7e-05 2.14343e-10
13.725 -67.3776 7e-05 2.13131e-10
13.75 -67.394 7e-05 2.11929e-10
13.775 -67.4103 7e-05 2.10737e-10
13.8 -67.4264 7e-05 2.09555e-10
13.825 -67.4423 7e-05 2.08382e-10
13.85 -67.4581 7e-05 2.07218e-10
13.875 -67.4737 7e-05 2.06064e-10
13.9 -67.4892 7e-05 2.04919e-10
13.925 -67.5045 7e-05 2.03784e-10
13.95 -67.5197 7e-05 2.02657e-10
13.975 -67.5347 7e-05 2.0154e-10
14 -67.5496 7e-05 2.00431e-10
14.025 -67.5643 7e-05 1.99331e-10
14.05 -67.5789 7e-05 1.9824e-10
14.075 -67.5933 7e-05 1.97158e-10
14.1 -67.6076 7e-05 1.96084e-10
14.125 -67.6218 7e-05 1.95018e-10
14.15 -67.6357 7e-05 1.93961e-10
14.175 -67.6496 7e-05 1.92913e-10
14.2 -67.6633 7e-05 1.91872e-10
14.225 -67.6769 7e-05 1.9084e-10
14.25 -67.6903 7e-05 1.89816e-10
14.275 -67.7037 7e-05 1.888e-10
14.3 -67.7168 7e-05 1.87792e-10
14.325 -67.7299 7e-05 1.86792e-10
14.35 -67.7428 7e-05 1.85799e-10
14.375 -67.7556 7e-05 1.84815e-10
14.4 -67.7682 7e-05 1.83838e-10
14.425 -67.7807 7e-05 1.82868e-10
14.45 -67.7931 7e-05 1.81906e-10
14.475 -67.8054 7e-05 1.80952e-10
14.5 -67.8176 7e-05 1.80004e-10
14.525 -67.8296 7e-05 1.79064e-10
14.55 -67.8415 7e-05 1.78132e-10
14.575 -67.8533 7e-05 1.77206e-10
14.6 -67.8649 7e-05 1.76288e-10
14.625 -67.8765 7e-05 1.75377e-10
14.65 -67.8879 7e-05 1.74472e-10
14.675 -67.8992 7e-05 1.73575e-10
14.7 -67.9104 7e-05 1.72684e-10
14.725 -67.9215 7e-05 1.718e-10
14.75 -67.9325 7e-05 1.70923e-10
14.775 -67.9434 7e-05 1.70053e-10
14.8 -67.9541 7e-05 1.69189e-10
14.825 -67.9648 7e-05 1.68331e-10
14.85 -67.9753 7e-05 1.6748e-10
14.875 -67.9858 7e-05 1.66636e-10
14.9 -67.9961 7e-05 1.65798e-10
14.925 -68.0063 7e-05 1.64966e-10
14.95 -68.0164 7e-05 1.6414e-10
14.975 -68.0264 7e-05 1.63321e-10
15 -68.0364 7e-05 1.62508e-10
15.025 -68.0462 7e-05 1.617e-10
15.05 -68.0559 7e-05 1.60899e-10
15.075 -68.0655 7e-05 1.60104e-10
15.1 -68.0751 7e-05 1.59315e-10
15.125 -68.0845 7e-05 1.58531e-10
15.15 -68.0938 7e-05 1.57753e-10
15.175 -68.1031 7e-05 1.56982e-10
15.2 -68.1122 7e-05 1.56215e-10
15.225 -68.1213 7e-05 1.55455e-10
15.25 -68.1302 7e-05 1.547e-10
15.275 -68.1391 7e-05 1.5395e-10
15.3 -68.1479 7e-05 1.53207e-10
15.325 -68.1566 7e-05 1.52468e-10
15.35 -68.1652 7e-05 1.51735e-10
15.375 -68.1737 7e-05 1.51007e-10
15.4 -68.1822 7e-05 1.50285e-10
15.425 -68.1905 7e-05 1.49568e-10
15.45 -68.1988 7e-05 1.48856e-10
15.475 -68.207 7e-05 1.48149e-10
15.5 -68.2151 7e-05 1.47448e-10
15.525 -68.2231 7e-05 1.46751e-10
15.55 -68.2311 7e-05 1.4606e-10
15.575 -68.2389 7e-05 1.45374e-10
15.6 -68.2467 7e-05 1.44692e-10
15.625 -68.2544 7e-05 1.44016e-10
15.65 -68.262 7e-05 1.43344e-10
15.675 -68.2696 7e-05 1.42677e-10
15.7 -68.2771 7e-05 1.42015e-10
15.725 -68.2845 7e-05 1.41358e-10
15.75 -68.2918 7e-05 1.40705e-10
15.775 -68.2991 7e-05 1.40057e-10
15.8 -68.3063 7e-05 1.39414e-10
15.825 -68.3134 7e-05 1.38775e-10
15.85 -68.3205 7e-05 1.38141e-10
15.875 -68.3274 7e-05 1.37512e-10
15.9 -68.3343 7e-05 1.36886e-10
15.925 -68.3412 7e-05 1.36266e-10
15.95 -68.348 7e-05 1.35649e-10
15.975 -68.3547 7e-05 1.35037e-10
16 -68.3613 7e-05 1.3443e-10
16.025 -68.3679 7e-05 1.33827e-10
16.05 -68.3744 7e-05 1.33227e-10
16.075 -68.3809 7e-05 1.32633e-10
16.1 -68.3872 7e-05 1.32042e-10
16.125 -68.3936 7e-05 1.31456e-10
16.15 -68.3998 7e-05 1.30873e-10
16.175 -68.406 7e-05 1.30295e-10
16.2 -68.4122 7e-05 1.29721e-10
16.225 -68.4183 7e-05 1.2915e-10
16.25 -68.4243 7e-05 1.28584e-10
16.275 -68.4302 7e-05 1.28022e-10
16.3 -68.4361 7e-05 1.27463e-10
16.325 -68.442 7e-05 1.26909e-10
16.35 -68.4478 7e-05 1.26358e-10
16.375 -68.4535 7e-05 1.25812e-10
16.4 -68.4592 7e-05 1.25269e-10
16.425 -68.4648 7e-05 1.24729e-10
16.45 -68.4704 7e-05 1.24194e-10
16.475 -68.4759 7e-05 1.23662e-10
16.5 -68.4814 7e-05 1.23134e-10
16.525 -68.4868 7e-05 1.22609e-10
16.55 -68.4922 7e-05 1.22089e-10
16.575 -68.4975 7e-05 1.21571e-10
16.6 -68.5027 7e-05 1.21058e-10
16.625 -68.5079 7e-05 1.20548e-10
16.65 -68.5131 7e-05 1.20041e-10
16.675 -68.5182 7e-05 1.19538e-10
16.7 -68.5233 7e-05 1.19038e-10
16.725 -68.5283 7e-05 1.18542e-10
16.75 -68.5333 7e-05 1.18049e-10
16.775 -68.5382 7e-05 1.17559e-10
16.8 -68.5431 7e-05 1.17073e-10
16.825 -68.5479 7e-05 1.1659e-10
16.85 -68.5527 7e-05 1.1611e-10
16.875 -68.5574 7e-05 1.15634e-10
16.9 -68.5621 7e-05 1.15161e-10
16.925 -68.5668 7e-05 1.14691e-10
16.95 -68.5714 7e-05 1.14224e-10
16.975 -68.5759 7e-05 1.13761e-10
17 -68.5805 7e-05 1.133e-10
17.025 -68.5849 7e-05 1.12843e-10
17.05 -68.5894 7e-05 1.12389e-10
17.075 -68.5938 7e-05 1.11938e-10
17.1 -68.5981 7e-05 1.1149e-10
17.125 -68.6025 7e-05 1.11045e-10
17.15 -68.6067 7e-05 1.10603e-10
17.175 -68.611 7e-05 1.10164e-10
17.2 -68.6152 7e-05 1.09727e-10
17.225 -68.6193 7e-05 1.09294e-10
17.25 -68.6235 7e-05 1.08864e-10
17.275 -68.6275 7e-05 1.08437e-10
17.3 -68.6316 7e-05 1.08012e-10
17.325 -68.6356 7e-05 1.0759e-10
17.35 -68.6396 7e-05 1.07172e-10
17.375 -68.6435 7e-05 1.06755e-10
17.4 -68.6474 7e-05 1.06342e-10
17.425 -68.6513 7e-05 1.05932e-10
17.45 -68.6551 7e-05 1.05524e-10
17.475 -68.6589 7e-05 1.05119e-10
17.5 -68.6627 7e-05 1.04716e-10
17.525 -68.6664 7e-05 1.04317e-10
17.55 -68.6701 7e-05 1.0392e-10
17.575 -68.6738 7e-05 1.03525e-10
17.6 -68.6774 7e-05 1.03133e-10
17.625 -68.681 7e-05 1.02744e-10
17.65 -68.6846 7e-05 1.02358e-10
17.675 -68.6882 7e-05 1.01974e-10
17.7 -68.6917 7e-05 1.01592e-10
17.725 -68.6951 7e-05 1.01213e-10
17.75 -68.6986 7e-05 1.00837e-10
17.775 -68.702 7e-05 1.00463e-10
17.8 -68.7054 7e-05 1.00091e-10
17.825 -68.7088 7e-05 9.97221e-11
17.85 -68.7121 7e-05 9.93554e-11
17.875 -68.7154 7e-05 9.89912e-11
17.9 -68.7187 7e-05 9.86294e-11
17.925 -68.7219 7e-05 9.82699e-11
17.95 -68.7251 7e-05 9.79128e-11
17.975 -68.7283 7e-05 9.75581e-11
18 -68.7315 7e-05 9.72057e-11
18.025 -68.7346 7e-05 9.68555e-11
18.05 -68.7377 7e-05 9.65077e-11
18.075 -68.7408 7e-05 9.61622e-11
18.1 -68.7439 7e-05 9.58189e-11
18.125 -68.7469 7e-05 9.54779e-11
18.15 -68.7499 7e-05 9.51391e-11
18.175 -68.7529 7e-05 9.48025e-11
18.2 -68.7558 7e-05 9.44681e-11
18.225 -68.7588 7e-05 9.41359e-11
18.25 -68.7617 7e-05 9.38059e-11
18.275 -68.7646 7e-05 9.3478e-11
18.3 -68.7674 7e-05 9.31522e-11
18.325 -68.7703 7e-05 9.28286e-11
18.35 -68.7731 7e-05 9.2507e-11
18.375 -68.7759 7e-05 9.21876e-11
18.4 -68.7786 7e-05 9.18702e-11
18.425 -68.7814 7e-05 9.15549e-11
18.45 -68.7841 7e-05 9.12416e-11
18.475 -68.7868 7e-05 9.09304e-11
18.5 -68.7895 7e-05 9.06212e-11
18.525 -68.7922 7e-05 9.0314e-11
18.55 -68.7948 7e-05 9.00087e-11
18.575 -68.7974 7e-05 8.97055e-11
18.6 -68.8 7e-05 8.94042e-11
18.625 -68.8026 7e-05 8.91049e-11
18.65 -68.8051 7e-05 8.88075e-11
18.675 -68.8077 7e-05 8.8512e-11
18.7 -68.8102 7e-05 8.82184e-11
18.725 -68.8127 7e-05 8.79267e-11
18.75 -68.8152 7e-05 8.76369e-11
18.775 -68.8176 7e-05 8.73489e-11
18.8 -68.8201 7e-05 8.70628e-11
18.825 -68.8225 7e-05 8.67786e-11
18.85 -68.8249 7e-05 8.64962e-11
18.875 -68.8273 7e-05 8.62156e-11
18.9 -68.8296 7e-05 8.59368e-11
18.925 -68.832 7e-05 8.56597e-11
18.95 -68.8343 7e-05 8.53845e-11
18.975 -68.8366 7e-05 8.5111e-11
19 -68.8389 7e-05 8.48393e-11
19.025 -68.8412 7e-05 8.45693e-11
19.05 -68.8434 7e-05 8.43011e-11
19.075 -68.8457 7e-05 8.40346e-11
19.1 -68.8479 7e-05 8.37697e-11
19.125 -68.8501 7e-05 8.35066e-11
19.15 -68.8523 7e-05 8.32452e-11
19.175 -68.8545 7e-05 8.29854e-11
19.2 -68.8567 7e-05 8.27273e-11
19.225 -68.8588 7e-05 8.24708e-11
19.25 -68.8609 7e-05 8.2216e-11
19.275 -68.8631 7e-05 8.19628e-11
19.3 -68.8652 7e-05 8.17112e-11
19.325 -68.8672 7e-05 8.14612e-11
19.35 -68.8693 7e-05 8.12128e-11
19.375 -68.8714 7e-05 8.0966e-11
19.4 -68.8734 7e-05 8.07207e-11
19.425 -68.8754 7e-05 8.0477e-11
19.45 -68.8774 7e-05 8.02349e-11
19.475 -68.8794 7e-05 7.99943e-11
19.5 -68.8814 7e-05 7.97552e-11
19.525 -68.8834 7e-05 7.95177e-11
19.55 -68.8854 7e-05 7.92816e-11
19.575 -68.8873 7e-05 7.90471e-11
19.6 -68.8892 7e-05 7.8814e-11
19.625 -68.8912 7e-05 7.85824e-11
19.65 -68.8931 7e-05 7.83523e-11
19.675 -68.8949 7e-05 7.81237e-11
19.7 -68.8968 7e-05 7.78965e-11
19.725 -68.8987 7e-05 7.76707e-11
19.75 -68.9005 7e-05 7.74464e-11
19.775 -68.9024 7e-05 7.72234e-11
19.8 -68.9042 7e-05 7.70019e-11
19.825 -68.906 7e-05 7.67818e-11
19.85 -68.9078 7e-05 7.65631e-11
19.875 -68.9096 7e-05 7.63457e-11
19.9 -68.9114 7e-05 7.61298e-11
19.925 -68.9132 7e-05 7.59152e-11
19.95 -68.9149 7e-05 7.57019e-11
19.975 -68.9167 7e-05 7.549e-11
20 -68.9184 7e-05 7.52794e-11
20.025 -68.9201 7e-05 7.50702e-11
20.05 -68.9219 7e-05 7.48622e-11
20.075 -68.9236 7e-05 7.46556e-11
20.1 -68.9253 7e-05 7.44503e-11
20.125 -68.9269 7e-05 7.42463e-11
20.15 -68.9286 7e-05 7.40435e-11
20.175 -68.9303 7e-05 7.38421e-11
20.2 -68.9319 7e-05 7.36419e-11
20.225 -68.9336 7e-05 7.34429e-11
20.25 -68.9352 7e-05 7.32452e-11
20.275 -68.9368 7e-05 7.30488e-11
20.3 -68.9384 7e-05 7.28535e-11
20.325 -68.94 7e-05 7.26595e-11
20.35 -68.9416 7e-05 7.24668e-11
20.375 -68.9432 7e-05 7.22752e-11
20.4 -68.9448 7e-05 7.20848e-11
20.425 -68.9463 7e-05 7.18956e-11
20.45 -68.9479 7e-05 7.17076e-11
20.475 -68.9494 7e-05 7.15208e-11
20.5 -68.951 7e-05 7.13352e-11
20.525 -68.9525 7e-05 7.11507e-11
20.55 -68.954 7e-05 7.09673e-11
20.575 -68.9555 7e-05 7.07852e-11
20.6 -68.957 7e-05 7.06041e-11
20.625 -68.9585 7e-05 7.04242e-11
20.65 -68.96 7e-05 7.02454e-11
20.675 -68.9615 7e-05 7.00677e-11
20.7 -68.9629 7e-05 6.98912e-11
20.725 -68.9644 7e-05 6.97157e-11
20.75 -68.9659 7e-05 6.95413e-11
20.775 -68.9673 7e-05 6.9368e-11
20.8 -68.9687 7e-05 6.91958e-11
20.825 -68.9702 7e-05 6.90247e-11
20.85 -68.9716 7e-05 6.88546e-11
20.875 -68.973 7e-05 6.86856e-11
20.9 -68.9744 7e-05 6.85177e-11
20.925 -68.9758 7e-05 6.83508e-11
20.95 -68.9772 7e-05 6.81849e-11
20.975 -68.9786 7e-05 6.80201e-11
21 -68.9799 7e-05 6.78562e-11
21.025 -68.9813 7e-05 6.76935e-11
21.05 -68.9827 7e-05 6.75317e-11
21.075 -68.984 7e-05 6.73709e-11
21.1 -68.9854 7e-05 6.72111e-11
21.125 -68.9867 7e-05 6.70523e-11
21.15 -68.988 7e-05 6.68945e-11
21.175 -68.9894 7e-05 6.67377e-11
21.2 -68.9907 7e-05 6.65819e-11
21.225 -68.992 7e-05 6.6427e-11
21.25 -68.9933 7e-05 6.62731e-11
21.275 -68.9946 7e-05 6.61201e-11
21.3 -68.9959 7e-05 6.59681e-11
21.325 -68.9972 7e-05 6.5817e-11
21.35 -68.9985 7e-05 6.56669e-11
21.375 -68.9997 7e-05 6.55176e-11
21.4 -69.001 7e-05 6.53694e-11
21.425 -69.0023 7e-05 6.5222e-11
21.45 -69.0035 7e-05 6.50755e-11
21.475 -69.0048 7e-05 6.493e-11
21.5 -69.006 7e-05 6.47853e-11
21.525 -69.0072 7e-05 6.46416e-11
21.55 -69.0085 7e-05 6.44987e-11
21.575 -69.0097 7e-05 6.43567e-11
21.6 -69.0109 7e-05 6.42156e-11
21.625 -69.0121 7e-05 6.40754e-11
21.65 -69.0133 7e-05 6.3936e-11
21.675 -69.0145 7e-05 6.37975e-11
21.7 -69.0157 7e-05 6.36598e-11
21.725 -69.0169 7e-05 6.3523e-11
21.75 -69.0181 7e-05 6.3387e-11
21.775 -69.0193 7e-05 6.32519e-11
21.8 -69.0205 7e-05 6.31176e-11
21.825 -69.0217 7e-05 6.29841e-11
21.85 -69.0228 7e-05 6.28515e-11
21.875 -69.024 7e-05 6.27196e-11
21.9 -69.0251 7e-05 6.25886e-11
21.925 -69.0263 7e-05 6.24584e-11
21.95 -69.0274 7e-05 6.2329e-11
21.975 -69.0286 7e-05 6.22004e-11
22 -69.0297 7e-05 6.20726e-11
22.025 -69.0308 7e-05 6.19455e-11
22.05 -69.032 7e-05 6.18193e-11
22.075 -69.0331 7e-05 6.16938e-11
22.1 -69.0342 7e-05 6.15691e-11
22.125 -69.0353 7e-05 6.14451e-11
22.15 -69.0364 7e-05 6.13219e-11
22.175 -69.0375 7e-05 6.11995e-11
22.2 -69.0386 7e-05 6.10778e-11
22.225 -69.0397 7e-05 6.09569e-11
22.25 -69.0408 7e-05 6.08367e-11
22.275 -69.0419 7e-05 6.07173e-11
22.3 -69.043 7e-05 6.05985e-11
22.325 -69.0441 7e-05 6.04805e-11
22.35 -69.0451 7e-05 6.03633e-11
22.375 -69.0462 7e-05 6.02467e-11
22.4 -69.0473 7e-05 6.01309e-11
22.425 -69.0483 7e-05 6.00157e-11
22.45 -69.0494 7e-05 5.99013e-11
22.475 -69.0504 7e-05 5.97876e-11
22.5 -69.0515 7e-05 5.96746e-11
22.525 -69.0525 7e-05 5.95622e-11
22.55 -69.0536 7e-05 5.94506e-11
22.575 -69.0546 7e-05 5.93396e-11
22.6 -69.0557 7e-05 5.92293e-11
22.625 -69.0567 7e-05 5.91197e-11
22.65 -69.0577 7e-05 5.90107e-11
22.675 -69.0587 7e-05 5.89025e-11
22.7 -69.0597 7e-05 5.87948e-11
22.725 -69.0608 7e-05 5.86879e-11
22.75 -69.0618 7e-05 5.85816e-11
22.775 -69.0628 7e-05 5.84759e-11
22.8 -69.0638 7e-05 5.83709e-11
22.825 -69.0648 7e-05 5.82665e-11
22.85 -69.0658 7e-05 5.81627e-11
22.875 -69.0668 7e-05 5.80596e-11
22.9 -69.0678 7e-05 5.79571e-11
22.925 -69.0688 7e-05 5.78553e-11
22.95 -69.0697 7e-05 5.7754e-11
22.975 -69.0707 7e-05 5.76534e-11
23 -69.0717 7e-05 5.75534e-11
23.025 -69.0727 7e-05 5.7454e-11
23.05 -69.0736 7e-05 5.73552e-11
23.075 -69.0746 7e-05 5.7257e-11
23.1 -69.0756 7e-05 5.71594e-11
23.125 -69.0765 7e-05 5.70624e-11
23.15 -69.0775 7e-05 5.6966e-11
23.175 -69.0784 7e-05 5.68701e-11
23.2 -69.0794 7e-05 5.67749e-11
23.225 -69.0803 7e-05 5.66802e-11
23.25 -69.0813 7e-05 5.65861e-11
23.275 -69.0822 7e-05 5.64926e-11
23.3 -69.0832 7e-05 5.63996e-11
23.325 -69.0841 7e-05 5.63072e-11
23.35 -69.085 7e-05 5.62154e-11
23.375 -69.086 7e-05 5.61241e-11
23.4 -69.0869 7e-05 5.60334e-11
23.425 -69.0878 7e-05 5.59432e-11
23.45 -69.0887 7e-05 5.58535e-11
23.475 -69.0897 7e-05 5.57644e-11
23.5 -69.0906 7e-05 5.56759e-11
23.525 -69.0915 7e-05 5.55879e-11
23.55 -69.0924 7e-05 5.55004e-11
23.575 -69.0933 7e-05 5.54134e-11
23.6 -69.0942 7e-05 5.5327e-11
23.625 -69.0951 7e-05 5.52411e-11
23.65 -69.096 7e-05 5.51557e-11
23.675 -69.0969 7e-05 5.50708e-11
23.7 -69.0978 7e-05 5.49865e-11
23.725 -69.0987 7e-05 5.49026e-11
23.75 -69.0996 7e-05 5.48193e-11
23.775 -69.1005 7e-05 5.47364e-11
23.8 -69.1014 7e-05 5.46541e-11
23.825 -69.1023 7e-05 5.45722e-11
23.85 -69.1031 7e-05 5.44909e-11
23.875 -69.104 7e-05 5.441e-11
23.9 -69.1049 7e-05 5.43296e-11
23.925 -69.1058 7e-05 5.42498e-11
23.95 -69.1066 7e-05 5.41703e-11
23.975 -69.1075 7e-05 5.40914e-11
24 -69.1084 7e-05 5.4013e-11
24.025 -69.1092 7e-05 5.3935e-11
24.05 -69.1101 7e-05 5.38574e-11
24.075 -69.111 7e-05 5.37804e-11
24.1 -69.1118 7e-05 5.37038e-11
24.125 -69.1127 7e-05 5.36277e-11
24.15 -69.1135 7e-05 5.3552e-11
24.175 -69.1144 7e-05 5.34768e-11
24.2 -69.1152 7e-05 5.3402e-11
24.225 -69.1161 7e-05 5.33277e-11
24.25 -69.1169 7e-05 5.32538e-11
24.275 -69.1177 7e-05 5.31804e-11
24.3 -69.1186 7e-05 5.31074e-11
24.325 -69.1194 7e-05 5.30349e-11
24.35 -69.1203 7e-05 5.29628e-11
24.375 -69.1211 7e-05 5.28911e-11
24.4 -69.1219 7e-05 5.28198e-11
24.425 -69.1228 7e-05 5.2749e-11
24.45 -69.1236 7e-05 5.26786e-11
24.475 -69.1244 7e-05 5.26086e-11
24.5 -69.1252 7e-05 5.25391e-11
24.525 -69.1261 7e-05 5.24699e-11
24.55 -69.1269 7e-05 5.24012e-11
24.575 -69.1277 7e-05 5.23329e-11
24.6 -69.1285 7e-05 5.22649e-11
24.625 -69.1293 7e-05 5.21974e-11
24.65 -69.1301 7e-05 5.21303e-11
24.675 -69.1309 7e-05 5.20636e-11
24.7 -69.1318 7e-05 5.19973e-11
24.725 -69.1326 7e-05 5.19314e-11
24.75 -69.1334 7e-05 5.18659e-11
24.775 -69.1342 7e-05 5.18008e-11
24.8 -69.135 7e-05 5.1736e-11
24.825 -69.1358 7e-05 5.16717e-11
24.85 -69.1366 7e-05 5.16077e-11
24.875 -69.1374 7e-05 5.15441e-11
24.9 -69.1382 7e-05 5.14809e-11
24.925 -69.1389 7e-05 5.14181e-11
24.95 -69.1397 7e-05 5.13556e-11
24.975 -69.1405 7e-05 5.12935e-11
25 -69.1413 7e-05 5.12318e-11
25.025 -69.1421 7e-05 5.11704e-11
25.05 -69.1429 7e-05 5.11095e-11
25.075 -69.1437 7e-05 5.10488e-11
25.1 -69.1444 7e-05 5.09886e-11
25.125 -69.1452 7e-05 5.09287e-11
25.15 -69.146 7e-05 5.08691e-11
25.175 -69.1468 7e-05 5.08099e-11
25.2 -69.1476 7e-05 5.0751e-11
25.225 -69.1483 7e-05 5.06925e-11
25.25 -69.1491 7e-05 5.06344e-11
25.275 -69.1499 7e-05 5.05766e-11
25.3 -69.1506 7e-05 5.05191e-11
25.325 -69.1514 7e-05 5.0462e-11
25.35 -69.1522 7e-05 5.04052e-11
25.375 -69.1529 7e-05 5.03488e-11
25.4 -69.1537 7e-05 5.02926e-11
25.425 -69.1545 7e-05 5.02368e-11
25.45 -69.1552 7e-05 5.01814e-11
25.475 -69.156 7e-05 5.01263e-11
25.5 -69.1567 7e-05 5.00715e-11
25.525 -69.1575 7e-05 5.0017e-11
25.55 -69.1582 7e-05 4.99628e-11
25.575 -69.159 7e-05 4.9909e-11
25.6 -69.1597 7e-05 4.98555e-11
25.625 -69.1605 7e-05 4.98023e-11
25.65 -69.1612 7e-05 4.97494e-11
25.675 -69.162 7e-05 4.96968e-11
25.7 -69.1627 7e-05 4.96445e-11
25.725 -69.1635 7e-05 4.95925e-11
25.75 -69.1642 7e-05 4.95409e-11
25.775 -69.1649 7e-05 4.94895e-11
25.8 -69.1657 7e-05 4.94385e-11
25.825 -69.1664 7e-05 4.93877e-11
25.85 -69.1672 7e-05 4.93373e-11
25.875 -69.1679 7e-05 4.92871e-11
25.9 -69.1686 7e-05 4.92373e-11
25.925 -69.1694 7e-05 4.91877e-11
25.95 -69.1701 7e-05 4.91384e-11
25.975 -69.1708 7e-05 4.90894e-11
26 -69.1716 7e-05 4.90407e-11
26.025 -69.1723 7e-05 4.89923e-11
26.05 -69.173 7e-05 4.89442e-11
26.075 -69.1737 7e-05 4.88963e-11
26.1 -69.1745 7e-05 4.88487e-11
26.125 -69.1752 7e-05 4.88015e-11
26.15 -69.1759 7e-05 4.87544e-11
26.175 -69.1766 7e-05 4.87077e-11
26.2 -69.1773 7e-05 4.86612e-11
26.225 -69.1781 7e-05 4.8615e-11
26.25 -69.1788 7e-05 4.85691e-11
26.275 -69.1795 7e-05 4.85234e-11
26.3 -69.1802 7e-05 4.84781e-11
26.325 -69.1809 7e-05 4.84329e-11
26.35 -69.1816 7e-05 4.83881e-11
26.375 -69.1823 7e-05 4.83435e-11
26.4 -69.183 7e-05 4.82991e-11
26.425 -69.1838 7e-05 4.8255e-11
26.45 -69.1845 7e-05 4.82112e-11
26.475 -69.1852 7e-05 4.81676e-11
26.5 -69.1859 7e-05 4.81243e-11
26.525 -69.1866 7e-05 4.80813e-11
26.55 -69.1873 7e-05 4.80384e-11
26.575 -69.188 7e-05 4.79959e-11
26.6 -69.1887 7e-05 4.79535e-11
26.625 -69.1894 7e-05 4.79115e-11
26.65 -69.1901 7e-05 4.78696e-11
26.675 -69.1908 7e-05 4.78281e-11
26.7 -69.1915 7e-05 4.77867e-11
26.725 -69.1922 7e-05 4.77456e-11
26.75 -69.1929 7e-05 4.77047e-11
26.775 -69.1936 7e-05 4.76641e-11
26.8 -69.1942 7e-05 4.76237e-11
26.825 -69.1949 7e-05 4.75835e-11
26.85 -69.1956 7e-05 4.75436e-11
26.875 -69.1963 7e-05 4.75039e-11
26.9 -69.197 7e-05 4.74644e-11
26.925 -69.1977 7e-05 4.74252e-11
26.95 -69.1984 7e-05 4.73862e-11
26.975 -69.1991 7e-05 4.73474e-11
27 -69.1997 7e-05 4.73088e-11
27.025 -69.2004 7e-05 4.72705e-11
27.05 -69.2011 7e-05 4.72324e-11
27.075 -69.2018 7e-05 4.71945e-11
27.1 -69.2025 7e-05 4.71568e-11
27.125 -69.2031 7e-05 4.71193e-11
27.15 -69.2038 7e-05 4.7082e-11
27.175 -69.2045 7e-05 4.7045e-11
27.2 -69.2052 7e-05 4.70082e-11
27.225 -69.2058 7e-05 4.69716e-11
27.25 -69.2065 7e-05 4.69352e-11
27.275 -69.2072 7e-05 4.6899e-11
27.3 -69.2079 7e-05 4.6863e-11
27.325 -69.2085 7e-05 4.68272e-11
27.35 -69.2092 7e-05 4.67916e-11
27.375 -69.2099 7e-05 4.67562e-11
27.4 -69.2105 7e-05 4.67211e-11
27.425 -69.2112 7e-05 4.66861e-11
27.45 -69.2119 7e-05 4.66513e-11
27.475 -69.2125 7e-05 4.66168e-11
27.5 -69.2132 7e-05 4.65824e-11
27.525 -69.2139 7e-05 4.65482e-11
27.55 -69.2145 7e-05 4.65142e-11
27.575 -69.2152 7e-05 4.64805e-11
27.6 -69.2158 7e-05 4.64469e-11
27.625 -69.2165 7e-05 4.64135e-11
27.65 -69.2172 7e-05 4.63803e-11
27.675 -69.2178 7e-05 4.63472e-11
27.7 -69.2185 7e-05 4.63144e-11
27.725 -69.2191 7e-05 4.62818e-11
27.75 -69.2198 7e-05 4.62493e-11
27.775 -69.2204 7e-05 4.6217e-11
27.8 -69.2211 7e-05 4.61849e-11
27.825 -69.2218 7e-05 4.6153e-11
27.85 -69.2224 7e-05 4.61213e-11
27.875 -69.2231 7e-05 4.60897e-11
27.9 -69.2237 7e-05 4.60584e-11
27.925 -69.2244 7e-05 4.60272e-11
27.95 -69.225 7e-05 4.59961e-11
27.975 -69.2256 7e-05 4.59653e-11
28 -69.2263 7e-05 4.59346e-11
28.025 -69.2269 7e-05 4.59041e-11
28.05 -69.2276 7e-05 4.58738e-11
28.075 -69.2282 7e-05 4.58437e-11
28.1 -69.2289 7e-05 4.58137e-11
28.125 -69.2295 7e-05 4.57839e-11
28.15 -69.2302 7e-05 4.57542e-11
28.175 -69.2308 7e-05 4.57248e-11
28.2 -69.2314 7e-05 4.56955e-11
28.225 -69.2321 7e-05 4.56663e-11
28.25 -69.2327 7e-05 4.56373e-11
28.275 -69.2334 7e-05 4.56085e-11
28.3 -69.234 7e-05 4.55799e-11
28.325 -69.2346 7e-05 4.55514e-11
28.35 -69.2353 7e-05 4.5523e-11
28.375 -69.2359 7e-05 4.54949e-11
28.4 -69.2365 7e-05 4.54668e-11
28.425 -69.2372 7e-05 4.5439e-11
28.45 -69.2378 7e-05 4.54113e-11
28.475 -69.2384 7e-05 4.53837e-11
28.5 -69.2391 7e-05 4.53563e-11
28.525 -69.2397 7e-05 4.53291e-11
28.55 -69.2403 7e-05 4.5302e-11
28.575 -69.2409 7e-05 4.52751e-11
28.6 -69.2416 7e-05 4.52483e-11
28.625 -69.2422 7e-05 4.52216e-11
28.65 -69.2428 7e-05 4.51952e-11
28.675 -69.2435 7e-05 4.51688e-11
28.7 -69.2441 7e-05 4.51426e-11
28.725 -69.2447 7e-05 4.51166e-11
28.75 -69.2453 7e-05 4.50907e-11
28.775 -69.2459 7e-05 4.50649e-11
28.8 -69.2466 7e-05 4.50393e-11
28.825 -69.2472 7e-05 4.50138e-11
28.85 -69.2478 7e-05 4.49885e-11
28.875 -69.2484 7e-05 4.49633e-11
28.9 -69.249 7e-05 4.49382e-11
28.925 -69.2497 7e-05 4.49133e-11
28.95 -69.2503 7e-05 4.48885e-11
28.975 -69.2509 7e-05 4.48639e-11
29 -69.2515 7e-05 4.48394e-11
29.025 -69.2521 7e-05 4.4815e-11
29.05 -69.2527 7e-05 4.47908e-11
29.075 -69.2534 7e-05 4.47667e-11
29.1 -69.254 7e-05 4.47427e-11
29.125 -69.2546 7e-05 4.47189e-11
29.15 -69.2552 7e-05 4.46952e-11
29.175 -69.2558 7e-05 4.46716e-11
29.2 -69.2564 7e-05 4.46482e-11
29.225 -69.257 7e-05 4.46249e-11
29.25 -69.2576 7e-05 4.46017e-11
29.275 -69.2582 7e-05 4.45786e-11
29.3 -69.2589 7e-05 4.45557e-11
29.325 -69.2595 7e-05 4.45329e-11
29.35 -69.2601 7e-05 4.45102e-11
29.375 -69.2607 7e-05 4.44877e-11
29.4 -69.2613 7e-05 4.44652e-11
29.425 -69.2619 7e-05 4.44429e-11
29.45 -69.2625 7e-05 4.44207e-11
29.475 -69.2631 7e-05 4.43987e-11
29.5 -69.2637 7e-05 4.43767e-11
29.525 -69.2643 7e-05 4.43549e-11
29.55 -69.2649 7e-05 4.43332e-11
29.575 -69.2655 7e-05 4.43116e-11
29.6 -69.2661 7e-05 4.42901e-11
29.625 -69.2667 7e-05 4.42688e-11
29.65 -69.2673 7e-05 4.42475e-11
29.675 -69.2679 7e-05 4.42264e-11
29.7 -69.2685 7e-05 4.42054e-11
29.725 -69.2691 7e-05 4.41845e-11
29.75 -69.2697 7e-05 4.41637e-11
29.775 -69.2703 7e-05 4.4143e-11
29.8 -69.2709 7e-05 4.41225e-11
29.825 -69.2715 7e-05 4.4102e-11
29.85 -69.272 7e-05 4.40817e-11
29.875 -69.2726 7e-05 4.40615e-11
29.9 -69.2732 7e-05 4.40413e-11
29.925 -69.2738 7e-05 4.40213e-11
29.95 -69.2744 7e-05 4.40014e-11
29.975 -69.275 7e-05 4.39816e-11
