0 -70 7e-05 3.8279e-06
0.025 -70.0001 7e-05 3.82789e-06
0.05 -70.0001 7e-05 3.82788e-06
0.075 -70.0001 7e-05 3.82787e-06
0.1 -70.0002 7e-05 3.82786e-06
0.125 -70.0002 7e-05 3.82785e-06
0.15 -70.0002 7e-05 3.82784e-06
0.175 -70.0002 7e-05 3.82784e-06
0.2 -70.0002 7e-05 3.82783e-06
0.225 -70.0003 7e-05 3.82783e-06
0.25 -70.0003 7e-05 3.82782e-06
0.275 -70.0003 7e-05 3.82781e-06
0.3 -70.0003 7e-05 3.82781e-06
0.325 -70.0003 7e-05 3.8278e-06
0.35 -70.0003 7e-05 3.8278e-06
0.375 -70.0004 7e-05 3.82779e-06
0.4 -70.0004 7e-05 3.82779e-06
0.425 -70.0004 7e-05 3.82778e-06
0.45 -70.0004 7e-05 3.82778e-06
0.475 -70.0004 7e-05 3.82777e-06
0.5 -70.0004 7e-05 3.82777e-06
0.525 -70.0004 7e-05 3.82776e-06
0.55 -70.0004 7e-05 3.82776e-06
0.575 -70.0005 7e-05 3.82775e-06
0.6 -70.0005 7e-05 3.82775e-06
0.625 -70.0005 7e-05 3.82774e-06
0.65 -70.0005 7e-05 3.82774e-06
0.675 -70.0005 7e-05 3.82774e-06
0.7 -70.0005 7e-05 3.82773e-06
0.725 -70.0005 7e-05 3.82773e-06
0.75 -70.0005 7e-05 3.82772e-06
0.775 -70.0005 7e-05 3.82772e-06
0.8 -70.0005 7e-05 3.82771e-06
0.825 -70.0005 7e-05 3.82771e-06
0.85 -70.0006 7e-05 3.8277e-06
0.875 -70.0006 7e-05 3.8277e-06
0.9 -70.0006 7e-05 3.8277e-06
0.925 -70.0006 7e-05 3.82769e-06
0.95 -70.0006 7e-05 3.82769e-06
0.975 -70.0006 7e-05 3.82768e-06
1 -70.0006 7e-05 3.82768e-06
1.025 -70.0006 7e-05 3.82768e-06
1.05 -70.0006 7e-05 3.82767e-06
1.075 -70.0006 7e-05 3.82767e-06
1.1 -70.0006 7e-05 3.82766e-06
1.125 -70.0006 7e-05 3.82766e-06
1.15 -70.0006 7e-05 3.82766e-06
1.175 -70.0007 7e-05 3.82765e-06
1.2 -70.0007 7e-05 3.82765e-06
1.225 -70.0007 7e-05 3.82765e-06
1.25 -70.0007 7e-05 3.82764e-06
1.275 -70.0007 7e-05 3.82764e-06
1.3 -70.0007 7e-05 3.82763e-06
1.325 -70.0007 7e-05 3.82763e-06
1.35 -70.0007 7e-05 3.82763e-06
1.375 -70.0007 7e-05 3.82762e-06
1.4 -70.0007 7e-05 3.82762e-06
1.425 -70.0007 7e-05 3.82762e-06
1.45 -70.0007 7e-05 3.82761e-06
1.475 -70.0007 7e-05 3.82761e-06
1.5 -70.0007 7e-05 3.82761e-06
1.525 -70.0007 7e-05 3.8276e-06
1.55 -70.0008 7e-05 3.8276e-06
1.575 -70.0008 7e-05 3.8276e-06
1.6 -70.0008 7e-05 3.82759e-06
1.625 -70.0008 7e-05 3.82759e-06
1.65 -70.0008 7e-05 3.82759e-06
1.675 -70.0008 7e-05 3.82758e-06
1.7 -70.0008 7e-05 3.82758e-06
1.725 -70.0008 7e-05 3.82758e-06
1.75 -70.0008 7e-05 3.82757e-06
1.775 -70.0008 7e-05 3.82757e-06
1.8 -70.0008 7e-05 3.82757e-06
1.825 -70.0008 7e-05 3.82756e-06
1.85 -70.0008 7e-05 3.82756e-06
1.875 -70.0008 7e-05 3.82756e-06
1.9 -70.0008 7e-05 3.82755e-06
1.925 -70.0008 7e-05 3.82755e-06
1.95 -70.0008 7e-05 3.82755e-06
1.975 -70.0008 7e-05 3.82754e-06
2 -70.0009 7e-05 3.82754e-06
2.025 -70.0009 7e-05 3.82754e-06
2.05 -70.0009 7e-05 3.82754e-06
2.075 -70.0009 7e-05 3.82753e-06
2.1 -70.0009 7e-05 3.82753e-06
2.125 -70.0009 7e-05 3.82753e-06
2.15 -70.0009 7e-05 3.82752e-06
2.175 -70.0009 7e-05 3.82752e-06
2.2 -70.0009 7e-05 3.82752e-06
2.225 -70.0009 7e-05 3.82752e-06
2.25 -70.0009 7e-05 3.82751e-06
2.275 -70.0009 7e-05 3.82751e-06
2.3 -70.0009 7e-05 3.82751e-06
2.325 -70.0009 7e-05 3.8275e-06
2.35 -70.0009 7e-05 3.8275e-06
2.375 -70.0009 7e-05 3.8275e-06
2.4 -70.0009 7e-05 3.8275e-06
2.425 -70.0009 7e-05 3.82749e-06
2.45 -70.0009 7e-05 3.82749e-06
2.475 -70.0009 7e-05 3.82749e-06
2.5 -70.0009 7e-05 3.82749e-06
2.525 -70.001 7e-05 3.82748e-06
2.55 -70.001 7e-05 3.82748e-06
2.575 -70.001 7e-05 3.82748e-06
2.6 -70.001 7e-05 3.82747e-06
2.625 -70.001 7e-05 3.82747e-06
2.65 -70.001 7e-05 3.82747e-06
2.675 -70.001 7e-05 3.82747e-06
2.7 -70.001 7e-05 3.82746e-06
2.725 -70.001 7e-05 3.82746e-06
2.75 -70.001 7e-05 3.82746e-06
2.775 -70.001 7e-05 3.82746e-06
2.8 -70.001 7e-05 3.82745e-06
2.825 -70.001 7e-05 3.82745e-06
2.85 -70.001 7e-05 3.82745e-06
2.875 -70.001 7e-05 3.82745e-06
2.9 -70.001 7e-05 3.82744e-06
2.925 -70.001 7e-05 3.82744e-06
2.95 -70.001 7e-05 3.82744e-06
2.975 -70.001 7e-05 3.82744e-06
3 -70.001 7e-05 3.82743e-06
3.025 -70.001 7e-05 3.82743e-06
3.05 -70.001 7e-05 3.82743e-06
3.075 -70.0011 7e-05 3.82743e-06
3.1 -70.0011 7e-05 3.82743e-06
3.125 -70.0011 7e-05 3.82742e-06
3.15 -70.0011 7e-05 3.82742e-06
3.175 -70.0011 7e-05 3.82742e-06
3.2 -70.0011 7e-05 3.82742e-06
3.225 -70.0011 7e-05 3.82741e-06
3.25 -70.0011 7e-05 3.82741e-06
3.275 -70.0011 7e-05 3.82741e-06
3.3 -70.0011 7e-05 3.82741e-06
3.325 -70.0011 7e-05 3.8274e-06
3.35 -70.0011 7e-05 3.8274e-06
3.375 -70.0011 7e-05 3.8274e-06
3.4 -70.0011 7e-05 3.8274e-06
3.425 -70.0011 7e-05 3.8274e-06
3.45 -70.0011 7e-05 3.82739e-06
3.475 -70.0011 7e-05 3.82739e-06
3.5 -70.0011 7e-05 3.82739e-06
3.525 -70.0011 7e-05 3.82739e-06
3.55 -70.0011 7e-05 3.82738e-06
3.575 -70.0011 7e-05 3.82738e-06
3.6 -70.0011 7e-05 3.82738e-06
3.625 -70.0011 7e-05 3.82738e-06
3.65 -70.0011 7e-05 3.82738e-06
3.675 -70.0011 7e-05 3.82737e-06
3.7 -70.0012 7e-05 3.82737e-06
3.725 -70.0012 7e-05 3.82737e-06
3.75 -70.0012 7e-05 3.82737e-06
3.775 -70.0012 7e-05 3.82736e-06
3.8 -70.0012 7e-05 3.82736e-06
3.825 -70.0012 7e-05 3.82736e-06
3.85 -70.0012 7e-05 3.82736e-06
3.875 -70.0012 7e-05 3.82736e-06
3.9 -70.0012 7e-05 3.82735e-06
3.925 -70.0012 7e-05 3.82735e-06
3.95 -70.0012 7e-05 3.82735e-06
3.975 -70.0012 7e-05 3.82735e-06
4 -70.0012 7e-05 3.82735e-06
4.025 -70.0012 7e-05 3.82734e-06
4.05 -70.0012 7e-05 3.82734e-06
4.075 -70.0012 7e-05 3.82734e-06
4.1 -70.0012 7e-05 3.82734e-06
4.125 -70.0012 7e-05 3.82734e-06
4.15 -70.0012 7e-05 3.82733e-06
4.175 -70.0012 7e-05 3.82733e-06
4.2 -70.0012 7e-05 3.82733e-06
4.225 -70.0012 7e-05 3.82733e-06
4.25 -70.0012 7e-05 3.82733e-06
4.275 -70.0012 7e-05 3.82732e-06
4.3 -70.0012 7e-05 3.82732e-06
4.325 -70.0012 7e-05 3.82732e-06
4.35 -70.0012 7e-05 3.82732e-06
4.375 -70.0013 7e-05 3.82732e-06
4.4 -70.0013 7e-05 3.82731e-06
4.425 -70.0013 7e-05 3.82731e-06
4.45 -70.0013 7e-05 3.82731e-06
4.475 -70.0013 7e-05 3.82731e-06
4.5 -70.0013 7e-05 3.82731e-06
4.525 -70.0013 7e-05 3.8273e-06
4.55 -70.0013 7e-05 3.8273e-06
4.575 -70.0013 7e-05 3.8273e-06
4.6 -70.0013 7e-05 3.8273e-06
4.625 -70.0013 7e-05 3.8273e-06
4.65 -70.0013 7e-05 3.82729e-06
4.675 -70.0013 7e-05 3.82729e-06
4.7 -70.0013 7e-05 3.82729e-06
4.725 -70.0013 7e-05 3.82729e-06
4.75 -70.0013 7e-05 3.82729e-06
4.775 -70.0013 7e-05 3.82729e-06
4.8 -70.0013 7e-05 3.82728e-06
4.825 -70.0013 7e-05 3.82728e-06
4.85 -70.0013 7e-05 3.82728e-06
4.875 -70.0013 7e-05 3.82728e-06
4.9 -70.0013 7e-05 3.82728e-06
4.925 -70.0013 7e-05 3.82727e-06
4.95 -70.0013 7e-05 3.82727e-06
4.975 -70.0013 7e-05 3.82727e-06
5 -70.0013 7e-05 3.82727e-06
5.025 -66.4321 7e-05 4.73803e-06
5.05 -63.7169 7e-05 5.46529e-06
5.075 -61.4318 7e-05 6.12466e-06
5.1 -59.4278 7e-05 6.76019e-06
5.125 -57.6282 7e-05 7.39655e-06
5.15 -55.9857 7e-05 8.05032e-06
5.175 -54.4681 7.00001e-05 8.73394e-06
5.2 -53.0518 7.00001e-05 9.45736e-06
5.225 -51.7187 7.00001e-05 1.02291e-05
5.25 -50.4542 7.00002e-05 1.10569e-05
5.275 -49.2454 7.00004e-05 1.19483e-05
5.3 -48.0808 7.00006e-05 1.29109e-05
5.325 -46.9486 7.0001e-05 1.39533e-05
5.35 -45.8362 7.00015e-05 1.50855e-05
5.375 -44.7297 7.00023e-05 1.632e-05
5.4 -43.6123 7.00034e-05 1.76729e-05
5.425 -42.4632 7.00049e-05 1.91658e-05
5.45 -41.2559 7.00071e-05 2.0829e-05
5.475 -39.955 7.00102e-05 2.27052e-05
5.5 -38.5114 7.00147e-05 2.48581e-05
5.525 -36.8546 7.0021e-05 2.73844e-05
5.55 -34.8779 7.00304e-05 3.04394e-05
5.575 -32.4148 7.00445e-05 3.42838e-05
5.6 -29.1951 7.00666e-05 3.93823e-05
5.625 -24.7773 7.01033e-05 4.662e-05
5.65 -18.4832 7.01691e-05 5.77977e-05
5.675 -9.54739 7.03027e-05 7.68059e-05
5.7 1.96498 7.06304e-05 0.000108678
5.725 13.9968 7.17202e-05 0.000153649
5.75 23.8755 7.70693e-05 0.000214634
5.775 30.6013 0.000109311 0.000298154
5.8 34.7719 0.000268486 0.000449765
5.825 37.3535 0.000777412 0.0010583
5.85 38.9984 0.00184665 0.00592382
5.875 39.9173 0.0035324 0.0322995
5.9 40.0375 0.00575666 0.0989292
5.925 39.3085 0.00837637 0.202884
5.95 37.8146 0.0112515 0.326843
5.975 35.6968 0.0142867 0.456318
6 33.1399 0.0174346 0.577363
6.025 28.1456 0.0206814 0.675192
6.05 24.1053 0.0240269 0.765403
6.075 20.3625 0.0276572 0.846234
6.1 16.7541 0.0314613 0.91587
6.125 13.2505 0.035401 0.973327
6.15 9.85393 0.0394572 1.01943
6.175 6.57464 0.0436135 1.05522
6.2 3.42166 0.047852 1.08182
6.225 0.399135 0.052151 1.10035
6.25 -2.49512 0.0564845 1.1118
6.275 -5.27013 0.060822 1.11702
6.3 -7.9417 0.0651278 1.1167
6.325 -10.532 0.0693618 1.1113
6.35 -13.0689 0.0734788 1.1011
6.375 -15.5854 0.0774286 1.08618
6.4 -18.119 0.0811556 1.06644
6.425 -20.7109 0.0845987 1.04165
6.45 -23.4052 0.08769 1.01145
6.475 -26.2462 0.0903549 0.975418
6.5 -29.2743 0.0925119 0.933196
6.525 -32.5155 0.094075 0.884663
6.55 -35.9664 0.0949611 0.830237
6.575 -39.5719 0.0951063 0.771265
6.6 -43.2072 0.0944956 0.710311
6.625 -46.688 0.0932009 0.650954
6.65 -49.8287 0.0913981 0.596727
6.675 -52.5215 0.0893203 0.549738
6.7 -54.7623 0.0871608 0.510226
6.725 -56.6114 0.0850178 0.477263
6.75 -58.147 0.0829212 0.449576
6.775 -59.4405 0.0808757 0.425979
6.8 -60.5491 0.0788806 0.405524
6.825 -61.5139 0.0769347 0.387524
6.85 -62.3626 0.0750369 0.371514
6.875 -63.1135 0.073186 0.357183
6.9 -63.7804 0.0713807 0.3443
6.925 -64.3745 0.0696201 0.332672
6.95 -64.9061 0.0679029 0.322124
6.975 -65.3844 0.0662281 0.3125
7 -65.8175 0.0645946 0.303663
7.025 -66.2118 0.0630015 0.295501
7.05 -66.5729 0.0614477 0.287924
7.075 -66.9048 0.0599323 0.28086
7.1 -67.2111 0.0584543 0.274249
7.125 -67.4945 0.0570128 0.268043
7.15 -67.7575 0.0556069 0.262199
7.175 -68.0024 0.0542357 0.256681
7.2 -68.2308 0.0528983 0.251455
7.225 -68.4446 0.051594 0.246493
7.25 -68.6451 0.0503218 0.24177
7.275 -68.8336 0.0490811 0.237265
7.3 -69.0111 0.047871 0.232959
7.325 -69.1786 0.0466908 0.228835
7.35 -69.3369 0.0455397 0.224879
7.375 -69.4867 0.0444171 0.221078
7.4 -69.6285 0.0433222 0.217421
7.425 -69.7631 0.0422543 0.213897
7.45 -69.8907 0.0412127 0.210499
7.475 -70.0119 0.0401969 0.207217
7.5 -70.127 0.0392062 0.204045
7.525 -70.2364 0.0382399 0.200975
7.55 -70.3404 0.0372975 0.198001
7.575 -70.4393 0.0363783 0.195118
7.6 -70.5332 0.0354819 0.192321
7.625 -70.6225 0.0346075 0.189605
7.65 -70.7073 0.0337548 0.186966
7.675 -70.7878 0.0329231 0.184399
7.7 -70.8642 0.032112 0.181901
7.725 -70.9365 0.0313209 0.179468
7.75 -71.0051 0.0305493 0.177096
7.775 -71.07 0.0297967 0.174782
7.8 -71.1314 0.0290628 0.172523
7.825 -71.1894 0.028347 0.170315
7.85 -71.244 0.0276488 0.168156
7.875 -71.2955 0.0269679 0.166043
7.9 -71.344 0.0263038 0.163972
7.925 -71.3895 0.025656 0.161942
7.95 -71.4322 0.0250243 0.159949
7.975 -71.4722 0.0244082 0.157991
8 -71.5096 0.0238073 0.156066
8.025 -71.5444 0.0232212 0.15417
8.05 -71.5768 0.0226496 0.152303
8.075 -71.6068 0.0220921 0.150462
8.1 -71.6346 0.0215484 0.148644
8.125 -71.6602 0.0210181 0.146849
8.15 -71.6836 0.0205009 0.145073
8.175 -71.705 0.0199964 0.143316
8.2 -71.7244 0.0195044 0.141576
8.225 -71.7419 0.0190246 0.139851
8.25 -71.7575 0.0185566 0.13814
8.275 -71.7712 0.0181002 0.136442
8.3 -71.7831 0.017655 0.134755
8.325 -71.7932 0.0172208 0.133079
8.35 -71.8016 0.0167974 0.131413
8.375 -71.8083 0.0163844 0.129756
8.4 -71.8133 0.0159816 0.128107
8.425 -71.8166 0.0155887 0.126465
8.45 -71.8182 0.0152056 0.124831
8.475 -71.8182 0.0148319 0.123203
8.5 -71.8166 0.0144674 0.121581
8.525 -71.8133 0.0141119 0.119964
8.55 -71.8083 0.0137652 0.118353
8.575 -71.8018 0.0134271 0.116748
8.6 -71.7936 0.0130973 0.115147
8.625 -71.7838 0.0127757 0.113552
8.65 -71.7724 0.0124619 0.111962
8.675 -71.7593 0.012156 0.110377
8.7 -71.7446 0.0118576 0.108796
8.725 -71.7282 0.0115666 0.107221
8.75 -71.7103 0.0112827 0.105651
8.775 -71.6906 0.0110059 0.104086
8.8 -71.6694 0.0107358 0.102527
8.825 -71.6465 0.0104725 0.100974
8.85 -71.6219 0.0102157 0.0994255
8.875 -71.5958 0.00996517 0.0978833
8.9 -71.5679 0.00972086 0.0963471
8.925 -71.5384 0.00948258 0.0948171
8.95 -71.5073 0.00925018 0.0932933
8.975 -71.4745 0.00902352 0.0917759
9 -71.4401 0.00880246 0.0902651
9.025 -71.404 0.00858685 0.088761
9.05 -71.3662 0.00837657 0.0872636
9.075 -71.3268 0.00817148 0.0857732
9.1 -71.2858 0.00797146 0.0842897
9.125 -71.2431 0.00777637 0.0828133
9.15 -71.1988 0.0075861 0.081344
9.175 -71.1528 0.00740052 0.0798818
9.2 -71.1052 0.00721953 0.0784269
9.225 -71.0559 0.00704301 0.0769793
9.25 -71.005 0.00687085 0.0755389
9.275 -70.9524 0.00670293 0.0741058
9.3 -70.8984 0.00653916 0.0726853
9.325 -70.8431 0.00637944 0.0712938
9.35 -70.7868 0.00622366 0.0699296
9.375 -70.7296 0.00607173 0.0685913
9.4 -70.6718 0.00592354 0.0672777
9.425 -70.6134 0.00577902 0.0659878
9.45 -70.5545 0.00563806 0.0647209
9.475 -70.4952 0.00550059 0.0634762
9.5 -70.4356 0.0053665 0.062253
9.525 -70.3756 0.00523573 0.0610509
9.55 -70.3155 0.00510819 0.0598693
9.575 -70.2551 0.0049838 0.0587077
9.6 -70.1946 0.00486248 0.0575658
9.625 -70.134 0.00474415 0.0564431
9.65 -70.0734 0.00462874 0.0553392
9.675 -70.0127 0.00451619 0.0542539
9.7 -69.9521 0.00440641 0.0531868
9.725 -69.8914 0.00429934 0.0521376
9.75 -69.8309 0.00419492 0.0511061
9.775 -69.7704 0.00409308 0.050092
9.8 -69.7101 0.00399375 0.0490949
9.825 -69.65 0.00389687 0.0481148
9.85 -69.59 0.00380238 0.0471512
9.875 -69.5302 0.00371023 0.0462041
9.9 -69.4706 0.00362035 0.0452732
9.925 -69.4113 0.00353269 0.0443582
9.95 -69.3523 0.0034472 0.0434589
9.975 -69.2936 0.00336382 0.0425752
10 -69.2351 0.00328249 0.0417069
10.025 -69.177 0.00320318 0.0408536
10.05 -69.1193 0.00312582 0.0400154
10.075 -69.0619 0.00305037 0.0391918
10.1 -69.005 0.00297678 0.0383828
10.125 -68.9484 0.00290501 0.0375882
10.15 -68.8923 0.00283502 0.0368077
10.175 -68.8366 0.00276675 0.0360412
10.2 -68.7813 0.00270017 0.0352886
10.225 -68.7265 0.00263523 0.0345495
10.25 -68.6723 0.00257189 0.0338238
10.275 -68.6185 0.00251012 0.0331115
10.3 -68.5652 0.00244987 0.0324121
10.325 -68.5124 0.00239111 0.0317257
10.35 -68.4602 0.00233381 0.031052
10.375 -68.4085 0.00227791 0.0303907
10.4 -68.3574 0.0022234 0.0297419
10.425 -68.3069 0.00217023 0.0291052
10.45 -68.2569 0.00211838 0.0284806
10.475 -68.2075 0.0020678 0.0278677
10.5 -68.1588 0.00201848 0.0272665
10.525 -68.1106 0.00197037 0.0266768
10.55 -68.063 0.00192345 0.0260984
10.575 -68.0161 0.00187769 0.0255312
10.6 -67.9697 0.00183305 0.0249749
10.625 -67.924 0.00178952 0.0244295
10.65 -67.879 0.00174707 0.0238946
10.675 -67.8346 0.00170566 0.0233703
10.7 -67.7908 0.00166528 0.0228563
10.725 -67.7477 0.00162589 0.0223524
10.75 -67.7052 0.00158747 0.0218585
10.775 -67.6634 0.00155001 0.0213744
10.8 -67.6222 0.00151347 0.0209
10.825 -67.5817 0.00147783 0.0204352
10.85 -67.5418 0.00144307 0.0199796
10.875 -67.5026 0.00140917 0.0195333
10.9 -67.4641 0.0013761 0.0190961
10.925 -67.4262 0.00134385 0.0186677
10.95 -67.389 0.0013124 0.0182481
10.975 -67.3525 0.00128173 0.0178371
11 -67.3166 0.00125181 0.0174345
11.025 -67.2814 0.00122263 0.0170403
11.05 -67.2468 0.00119417 0.0166542
11.075 -67.2129 0.00116642 0.0162762
11.1 -67.1797 0.00113935 0.015906
11.125 -67.1471 0.00111294 0.0155436
11.15 -67.1151 0.00108719 0.0151888
11.175 -67.0838 0.00106208 0.0148414
11.2 -67.0532 0.00103758 0.0145014
11.225 -67.0231 0.00101369 0.0141686
11.25 -66.9938 0.000990394 0.0138429
11.275 -66.965 0.00096767 0.0135241
11.3 -66.9369 0.000945506 0.0132122
11.325 -66.9094 0.00092389 0.0129069
11.35 -66.8825 0.000902807 0.0126082
11.375 -66.8563 0.000882245 0.0123159
11.4 -66.8306 0.000862191 0.01203
11.425 -66.8056 0.000842632 0.0117503
11.45 -66.7812 0.000823555 0.0114766
11.475 -66.7573 0.00080495 0.0112089
11.5 -66.7341 0.000786804 0.0109471
11.525 -66.7114 0.000769106 0.010691
11.55 -66.6893 0.000751845 0.0104406
11.575 -66.6678 0.00073501 0.0101957
11.6 -66.6469 0.000718591 0.00995614
11.625 -66.6265 0.000702577 0.00972193
11.65 -66.6067 0.000686959 0.00949292
11.675 -66.5874 0.000671726 0.00926901
11.7 -66.5686 0.000656869 0.0090501
11.725 -66.5505 0.00064238 0.00883608
11.75 -66.5328 0.000628247 0.00862686
11.775 -66.5157 0.000614464 0.00842235
11.8 -66.499 0.000601021 0.00822243
11.825 -66.4829 0.00058791 0.00802704
11.85 -66.4673 0.000575123 0.00783606
11.875 -66.4522 0.000562652 0.00764941
11.9 -66.4376 0.000550488 0.007467
11.925 -66.4235 0.000538625 0.00728874
11.95 -66.4098 0.000527054 0.00711455
11.975 -66.3967 0.00051577 0.00694434
12 -66.3839 0.000504764 0.00677803
12.025 -66.3717 0.000494029 0.00661553
12.05 -66.3599 0.00048356 0.00645677
12.075 -66.3485 0.000473349 0.00630167
12.1 -66.3376 0.00046339 0.00615014
12.125 -66.3271 0.000453678 0.00600212
12.15 -66.3171 0.000444204 0.00585752
12.175 -66.3074 0.000434965 0.00571628
12.2 -66.2982 0.000425954 0.00557832
12.225 -66.2894 0.000417166 0.00544357
12.25 -66.2809 0.000408594 0.00531197
12.275 -66.2729 0.000400234 0.00518343
12.3 -66.2653 0.000392081 0.00505791
12.325 -66.258 0.000384129 0.00493532
12.35 -66.2511 0.000376373 0.00481561
12.375 -66.2445 0.000368808 0.00469871
12.4 -66.2384 0.000361431 0.00458457
12.425 -66.2325 0.000354235 0.00447311
12.45 -66.2271 0.000347217 0.00436429
12.475 -66.2219 0.000340373 0.00425803
12.5 -66.2171 0.000333697 0.00415429
12.525 -66.2127 0.000327187 0.00405301
12.55 -66.2085 0.000320837 0.00395414
12.575 -66.2047 0.000314644 0.00385761
12.6 -66.2011 0.000308603 0.00376338
12.625 -66.1979 0.000302712 0.0036714
12.65 -66.195 0.000296966 0.00358161
12.675 -66.1923 0.000291363 0.00349396
12.7 -66.19 0.000285897 0.00340841
12.725 -66.1879 0.000280567 0.00332491
12.75 -66.1861 0.000275368 0.00324341
12.775 -66.1846 0.000270297 0.00316386
12.8 -66.1833 0.000265352 0.00308622
12.825 -66.1823 0.000260529 0.00301046
12.85 -66.1816 0.000255824 0.00293651
12.875 -66.1811 0.000251236 0.00286435
12.9 -66.1808 0.000246762 0.00279393
12.925 -66.1808 0.000242397 0.0027252
12.95 -66.181 0.000238141 0.00265814
12.975 -66.1814 0.00023399 0.0025927
13 -66.182 0.000229941 0.00252885
13.025 -66.1829 0.000225992 0.00246654
13.05 -66.184 0.00022214 0.00240575
13.075 -66.1853 0.000218384 0.00234643
13.1 -66.1867 0.00021472 0.00228855
13.125 -66.1884 0.000211147 0.00223208
13.15 -66.1903 0.000207662 0.00217698
13.175 -66.1923 0.000204263 0.00212323
13.2 -66.1946 0.000200948 0.00207079
13.225 -66.197 0.000197715 0.00201962
13.25 -66.1996 0.000194562 0.00196971
13.275 -66.2023 0.000191486 0.00192101
13.3 -66.2052 0.000188487 0.00187351
13.325 -66.2083 0.000185561 0.00182717
13.35 -66.2116 0.000182708 0.00178196
13.375 -66.215 0.000179925 0.00173786
13.4 -66.2185 0.000177211 0.00169485
13.425 -66.2222 0.000174564 0.00165289
13.45 -66.226 0.000171983 0.00161195
13.475 -66.2299 0.000169465 0.00157203
13.5 -66.234 0.000167009 0.00153308
13.525 -66.2383 0.000164614 0.0014951
13.55 -66.2426 0.000162278 0.00145805
13.575 -66.2471 0.000159999 0.00142191
13.6 -66.2517 0.000157777 0.00138666
13.625 -66.2563 0.00015561 0.00135228
13.65 -66.2612 0.000153496 0.00131875
13.675 -66.2661 0.000151435 0.00128604
13.7 -66.2711 0.000149424 0.00125414
13.725 -66.2762 0.000147463 0.00122303
13.75 -66.2814 0.000145551 0.00119269
13.775 -66.2868 0.000143685 0.0011631
13.8 -66.2922 0.000141866 0.00113425
13.825 -66.2977 0.000140092 0.0011061
13.85 -66.3032 0.000138361 0.00107866
13.875 -66.3089 0.000136673 0.00105189
13.9 -66.3147 0.000135027 0.00102578
13.925 -66.3205 0.000133421 0.00100033
13.95 -66.3264 0.000131856 0.000975501
13.975 -66.3323 0.000130328 0.000951291
14 -66.3384 0.000128839 0.000927682
14.025 -66.3445 0.000127386 0.000904659
14.05 -66.3507 0.000125969 0.000882208
14.075 -66.3569 0.000124587 0.000860315
14.1 -66.3632 0.00012324 0.000838966
14.125 -66.3695 0.000121925 0.000818147
14.15 -66.3759 0.000120643 0.000797846
14.175 -66.3824 0.000119393 0.00077805
14.2 -66.3889 0.000118173 0.000758747
14.225 -66.3954 0.000116984 0.000739924
14.25 -66.402 0.000115824 0.000721569
14.275 -66.4087 0.000114692 0.000703672
14.3 -66.4154 0.000113589 0.00068622
14.325 -66.4221 0.000112513 0.000669204
14.35 -66.4288 0.000111463 0.000652611
14.375 -66.4356 0.000110439 0.000636432
14.4 -66.4425 0.000109441 0.000620656
14.425 -66.4493 0.000108467 0.000605274
14.45 -66.4562 0.000107517 0.000590275
14.475 -66.4631 0.000106591 0.000575651
14.5 -66.4701 0.000105688 0.000561391
14.525 -66.477 0.000104806 0.000547488
14.55 -66.484 0.000103947 0.000533931
14.575 -66.491 0.000103109 0.000520713
14.6 -66.4981 0.000102291 0.000507825
14.625 -66.5051 0.000101494 0.000495259
14.65 -66.5122 0.000100717 0.000483007
14.675 -66.5193 9.99582e-05 0.000471061
14.7 -66.5264 9.92185e-05 0.000459413
14.725 -66.5335 9.84971e-05 0.000448057
14.75 -66.5406 9.77935e-05 0.000436984
14.775 -66.5477 9.71073e-05 0.000426188
14.8 -66.5549 9.6438e-05 0.000415662
14.825 -66.562 9.57853e-05 0.000405399
14.85 -66.5692 9.51486e-05 0.000395393
14.875 -66.5763 9.45277e-05 0.000385637
14.9 -66.5835 9.39221e-05 0.000376125
14.925 -66.5907 9.33315e-05 0.000366851
14.95 -66.5978 9.27554e-05 0.000357809
14.975 -66.605 9.21936e-05 0.000348994
15 -66.6122 9.16456e-05 0.000340398
15.025 -66.6193 9.11112e-05 0.000332018
15.05 -66.6265 9.059e-05 0.000323848
15.075 -66.6337 9.00816e-05 0.000315882
15.1 -66.6408 8.95858e-05 0.000308115
15.125 -66.648 8.91022e-05 0.000300543
15.15 -66.6551 8.86306e-05 0.000293161
15.175 -66.6622 8.81706e-05 0.000285963
15.2 -66.6694 8.77219e-05 0.000278945
15.225 -66.6765 8.72844e-05 0.000272103
15.25 -66.6836 8.68576e-05 0.000265433
15.275 -66.6907 8.64414e-05 0.000258929
15.3 -66.6978 8.60355e-05 0.000252588
15.325 -66.7048 8.56396e-05 0.000246406
15.35 -66.7119 8.52534e-05 0.000240379
15.375 -66.7189 8.48768e-05 0.000234503
15.4 -66.726 8.45095e-05 0.000228773
15.425 -66.733 8.41513e-05 0.000223188
15.45 -66.74 8.38019e-05 0.000217742
15.475 -66.747 8.34611e-05 0.000212432
15.5 -66.7539 8.31287e-05 0.000207256
15.525 -66.7609 8.28046e-05 0.000202209
15.55 -66.7678 8.24885e-05 0.000197288
15.575 -66.7748 8.21801e-05 0.000192491
15.6 -66.7817 8.18794e-05 0.000187814
15.625 -66.7885 8.15861e-05 0.000183254
15.65 -66.7954 8.13e-05 0.000178808
15.675 -66.8022 8.1021e-05 0.000174473
15.7 -66.809 8.07489e-05 0.000170247
15.725 -66.8158 8.04835e-05 0.000166127
15.75 -66.8226 8.02247e-05 0.00016211
15.775 -66.8294 7.99722e-05 0.000158193
15.8 -66.8361 7.9726e-05 0.000154375
15.825 -66.8428 7.94859e-05 0.000150652
15.85 -66.8495 7.92517e-05 0.000147023
15.875 -66.8562 7.90233e-05 0.000143484
15.9 -66.8628 7.88005e-05 0.000140034
15.925 -66.8694 7.85832e-05 0.00013667
15.95 -66.876 7.83713e-05 0.00013339
15.975 -66.8826 7.81646e-05 0.000130193
16 -66.8891 7.7963e-05 0.000127075
16.025 -66.8956 7.77664e-05 0.000124036
16.05 -66.9021 7.75746e-05 0.000121073
16.075 -66.9086 7.73876e-05 0.000118183
16.1 -66.915 7.72052e-05 0.000115366
16.125 -66.9214 7.70273e-05 0.00011262
16.15 -66.9278 7.68538e-05 0.000109942
16.175 -66.9342 7.66846e-05 0.000107332
16.2 -66.9405 7.65196e-05 0.000104786
16.225 -66.9468 7.63586e-05 0.000102304
16.25 -66.9531 7.62016e-05 9.98848e-05
16.275 -66.9593 7.60485e-05 9.75257e-05
16.3 -66.9656 7.58991e-05 9.52256e-05
16.325 -66.9718 7.57535e-05 9.2983e-05
16.35 -66.9779 7.56114e-05 9.07965e-05
16.375 -66.9841 7.54729e-05 8.86647e-05
16.4 -66.9902 7.53378e-05 8.65861e-05
16.425 -66.9963 7.5206e-05 8.45596e-05
16.45 -67.0023 7.50774e-05 8.25837e-05
16.475 -67.0084 7.49521e-05 8.06572e-05
16.5 -67.0144 7.48298e-05 7.87789e-05
16.525 -67.0204 7.47106e-05 7.69475e-05
16.55 -67.0263 7.45943e-05 7.51618e-05
16.575 -67.0322 7.44808e-05 7.34208e-05
16.6 -67.0381 7.43702e-05 7.17233e-05
16.625 -67.044 7.42623e-05 7.00683e-05
16.65 -67.0498 7.41571e-05 6.84545e-05
16.675 -67.0556 7.40544e-05 6.68811e-05
16.7 -67.0614 7.39543e-05 6.5347e-05
16.725 -67.0671 7.38567e-05 6.38512e-05
16.75 -67.0729 7.37615e-05 6.23927e-05
16.775 -67.0785 7.36686e-05 6.09707e-05
16.8 -67.0842 7.3578e-05 5.95842e-05
16.825 -67.0898 7.34897e-05 5.82323e-05
16.85 -67.0954 7.34035e-05 5.69141e-05
16.875 -67.101 7.33195e-05 5.56288e-05
16.9 -67.1066 7.32375e-05 5.43757e-05
16.925 -67.1121 7.31576e-05 5.31537e-05
16.95 -67.1176 7.30796e-05 5.19623e-05
16.975 -67.123 7.30036e-05 5.08006e-05
17 -67.1285 7.29294e-05 4.96679e-05
17.025 -67.1339 7.28571e-05 4.85635e-05
17.05 -67.1393 7.27866e-05 4.74866e-05
17.075 -67.1446 7.27178e-05 4.64365e-05
17.1 -67.1499 7.26507e-05 4.54126e-05
17.125 -67.1552 7.25852e-05 4.44143e-05
17.15 -67.1605 7.25214e-05 4.34408e-05
17.175 -67.1657 7.24591e-05 4.24917e-05
17.2 -67.1709 7.23984e-05 4.15661e-05
17.225 -67.1761 7.23392e-05 4.06637e-05
17.25 -67.1813 7.22815e-05 3.97837e-05
17.275 -67.1864 7.22251e-05 3.89256e-05
17.3 -67.1915 7.21702e-05 3.80889e-05
17.325 -67.1966 7.21166e-05 3.72731e-05
17.35 -67.2016 7.20643e-05 3.64776e-05
17.375 -67.2066 7.20134e-05 3.57019e-05
17.4 -67.2116 7.19637e-05 3.49455e-05
17.425 -67.2166 7.19152e-05 3.42079e-05
17.45 -67.2215 7.18679e-05 3.34887e-05
17.475 -67.2264 7.18218e-05 3.27874e-05
17.5 -67.2313 7.17768e-05 3.21035e-05
17.525 -67.2362 7.17329e-05 3.14367e-05
17.55 -67.241 7.16901e-05 3.07864e-05
17.575 -67.2458 7.16484e-05 3.01524e-05
17.6 -67.2506 7.16077e-05 2.95341e-05
17.625 -67.2554 7.1568e-05 2.89311e-05
17.65 -67.2601 7.15293e-05 2.83432e-05
17.675 -67.2648 7.14916e-05 2.77698e-05
17.7 -67.2694 7.14547e-05 2.72108e-05
17.725 -67.2741 7.14188e-05 2.66656e-05
17.75 -67.2787 7.13838e-05 2.61339e-05
17.775 -67.2833 7.13496e-05 2.56155e-05
17.8 -67.2879 7.13163e-05 2.511e-05
17.825 -67.2924 7.12838e-05 2.4617e-05
17.85 -67.297 7.12521e-05 2.41362e-05
17.875 -67.3015 7.12212e-05 2.36674e-05
17.9 -67.3059 7.1191e-05 2.32102e-05
17.925 -67.3104 7.11616e-05 2.27644e-05
17.95 -67.3148 7.11329e-05 2.23296e-05
17.975 -67.3192 7.1105e-05 2.19056e-05
18 -67.3236 7.10777e-05 2.14922e-05
18.025 -67.3279 7.10511e-05 2.10889e-05
18.05 -67.3322 7.10251e-05 2.06957e-05
18.075 -67.3365 7.09998e-05 2.03123e-05
18.1 -67.3408 7.09751e-05 1.99383e-05
18.125 -67.3451 7.09511e-05 1.95736e-05
18.15 -67.3493 7.09276e-05 1.9218e-05
18.175 -67.3535 7.09047e-05 1.88711e-05
18.2 -67.3577 7.08823e-05 1.85329e-05
18.225 -67.3619 7.08606e-05 1.8203e-05
18.25 -67.366 7.08393e-05 1.78813e-05
18.275 -67.3701 7.08186e-05 1.75675e-05
18.3 -67.3742 7.07984e-05 1.72616e-05
18.325 -67.3783 7.07787e-05 1.69632e-05
18.35 -67.3823 7.07594e-05 1.66721e-05
18.375 -67.3864 7.07407e-05 1.63883e-05
18.4 -67.3904 7.07224e-05 1.61115e-05
18.425 -67.3943 7.07046e-05 1.58415e-05
18.45 -67.3983 7.06872e-05 1.55782e-05
18.475 -67.4022 7.06702e-05 1.53215e-05
18.5 -67.4062 7.06537e-05 1.5071e-05
18.525 -67.4101 7.06375e-05 1.48268e-05
18.55 -67.4139 7.06218e-05 1.45885e-05
18.575 -67.4178 7.06064e-05 1.43562e-05
18.6 -67.4216 7.05915e-05 1.41296e-05
18.625 -67.4254 7.05769e-05 1.39086e-05
18.65 -67.4292 7.05626e-05 1.3693e-05
18.675 -67.433 7.05487e-05 1.34828e-05
18.7 -67.4368 7.05352e-05 1.32777e-05
18.725 -67.4405 7.0522e-05 1.30777e-05
18.75 -67.4442 7.05091e-05 1.28826e-05
18.775 -67.4479 7.04965e-05 1.26924e-05
18.8 -67.4516 7.04842e-05 1.25068e-05
18.825 -67.4552 7.04723e-05 1.23258e-05
18.85 -67.4588 7.04606e-05 1.21492e-05
18.875 -67.4625 7.04493e-05 1.1977e-05
18.9 -67.4661 7.04382e-05 1.18091e-05
18.925 -67.4696 7.04274e-05 1.16452e-05
18.95 -67.4732 7.04168e-05 1.14854e-05
18.975 -67.4767 7.04065e-05 1.13295e-05
19 -67.4802 7.03965e-05 1.11775e-05
19.025 -67.4837 7.03867e-05 1.10292e-05
19.05 -67.4872 7.03771e-05 1.08845e-05
19.075 -67.4907 7.03678e-05 1.07434e-05
19.1 -67.4941 7.03587e-05 1.06057e-05
19.125 -67.4976 7.03499e-05 1.04714e-05
19.15 -67.501 7.03413e-05 1.03405e-05
19.175 -67.5044 7.03328e-05 1.02127e-05
19.2 -67.5077 7.03246e-05 1.0088e-05
19.225 -67.5111 7.03166e-05 9.96646e-06
19.25 -67.5144 7.03088e-05 9.84785e-06
19.275 -67.5178 7.03012e-05 9.73215e-06
19.3 -67.5211 7.02937e-05 9.61928e-06
19.325 -67.5244 7.02865e-05 9.50917e-06
19.35 -67.5276 7.02794e-05 9.40175e-06
19.375 -67.5309 7.02725e-05 9.29696e-06
19.4 -67.5341 7.02658e-05 9.19474e-06
19.425 -67.5373 7.02592e-05 9.095e-06
19.45 -67.5406 7.02528e-05 8.99771e-06
19.475 -67.5437 7.02466e-05 8.90279e-06
19.5 -67.5469 7.02405e-05 8.81018e-06
19.525 -67.5501 7.02345e-05 8.71983e-06
19.55 -67.5532 7.02288e-05 8.63169e-06
19.575 -67.5564 7.02231e-05 8.54569e-06
19.6 -67.5595 7.02176e-05 8.46179e-06
19.625 -67.5626 7.02122e-05 8.37993e-06
19.65 -67.5656 7.0207e-05 8.30006e-06
19.675 -67.5687 7.02019e-05 8.22214e-06
19.7 -67.5718 7.01969e-05 8.14611e-06
19.725 -67.5748 7.0192e-05 8.07192e-06
19.75 -67.5778 7.01873e-05 7.99954e-06
19.775 -67.5808 7.01827e-05 7.92892e-06
19.8 -67.5838 7.01782e-05 7.86e-06
19.825 -67.5868 7.01738e-05 7.79276e-06
19.85 -67.5898 7.01695e-05 7.72715e-06
19.875 -67.5927 7.01653e-05 7.66313e-06
19.9 -67.5957 7.01612e-05 7.60065e-06
19.925 -67.5986 7.01572e-05 7.53969e-06
19.95 -67.6015 7.01533e-05 7.4802e-06
19.975 -67.6044 7.01496e-05 7.42215e-06
20 -67.6073 7.01459e-05 7.36551e-06
20.025 -67.6101 7.01423e-05 7.31022e-06
20.05 -67.613 7.01388e-05 7.25628e-06
20.075 -67.6158 7.01353e-05 7.20363e-06
20.1 -67.6187 7.0132e-05 7.15225e-06
20.125 -67.6215 7.01287e-05 7.1021e-06
20.15 -67.6243 7.01256e-05 7.05317e-06
20.175 -67.6271 7.01225e-05 7.0054e-06
20.2 -67.6298 7.01194e-05 6.95879e-06
20.225 -67.6326 7.01165e-05 6.9133e-06
20.25 -67.6354 7.01136e-05 6.86889e-06
20.275 -67.6381 7.01108e-05 6.82555e-06
20.3 -67.6408 7.01081e-05 6.78325e-06
20.325 -67.6435 7.01054e-05 6.74196e-06
20.35 -67.6463 7.01028e-05 6.70166e-06
20.375 -67.6489 7.01003e-05 6.66232e-06
20.4 -67.6516 7.00978e-05 6.62392e-06
20.425 -67.6543 7.00954e-05 6.58643e-06
20.45 -67.6569 7.0093e-05 6.54984e-06
20.475 -67.6596 7.00907e-05 6.51412e-06
20.5 -67.6622 7.00885e-05 6.47925e-06
20.525 -67.6648 7.00863e-05 6.44521e-06
20.55 -67.6675 7.00842e-05 6.41197e-06
20.575 -67.6701 7.00821e-05 6.37953e-06
20.6 -67.6726 7.00801e-05 6.34785e-06
20.625 -67.6752 7.00781e-05 6.31692e-06
20.65 -67.6778 7.00762e-05 6.28672e-06
20.675 -67.6803 7.00743e-05 6.25724e-06
20.7 -67.6829 7.00724e-05 6.22846e-06
20.725 -67.6854 7.00707e-05 6.20035e-06
20.75 -67.688 7.00689e-05 6.1729e-06
20.775 -67.6905 7.00672e-05 6.1461e-06
20.8 -67.693 7.00656e-05 6.11993e-06
20.825 -67.6955 7.00639e-05 6.09437e-06
20.85 -67.6979 7.00624e-05 6.06941e-06
20.875 -67.7004 7.00608e-05 6.04504e-06
20.9 -67.7029 7.00593e-05 6.02124e-06
20.925 -67.7053 7.00579e-05 5.99799e-06
20.95 -67.7078 7.00564e-05 5.97528e-06
20.975 -67.7102 7.0055e-05 5.95311e-06
21 -67.7126 7.00537e-05 5.93145e-06
21.025 -67.7151 7.00523e-05 5.91029e-06
21.05 -67.7175 7.00511e-05 5.88962e-06
21.075 -67.7199 7.00498e-05 5.86943e-06
21.1 -67.7222 7.00486e-05 5.84971e-06
21.125 -67.7246 7.00474e-05 5.83045e-06
21.15 -67.727 7.00462e-05 5.81162e-06
21.175 -67.7293 7.00451e-05 5.79324e-06
21.2 -67.7317 7.00439e-05 5.77527e-06
21.225 -67.734 7.00429e-05 5.75772e-06
21.25 -67.7364 7.00418e-05 5.74057e-06
21.275 -67.7387 7.00408e-05 5.72381e-06
21.3 -67.741 7.00398e-05 5.70743e-06
21.325 -67.7433 7.00388e-05 5.69143e-06
21.35 -67.7456 7.00378e-05 5.67579e-06
21.375 -67.7479 7.00369e-05 5.66051e-06
21.4 -67.7502 7.0036e-05 5.64557e-06
21.425 -67.7524 7.00351e-05 5.63097e-06
21.45 -67.7547 7.00342e-05 5.6167e-06
21.475 -67.757 7.00334e-05 5.60276e-06
21.5 -67.7592 7.00326e-05 5.58912e-06
21.525 -67.7615 7.00318e-05 5.5758e-06
21.55 -67.7637 7.0031e-05 5.56277e-06
21.575 -67.7659 7.00302e-05 5.55003e-06
21.6 -67.7681 7.00295e-05 5.53758e-06
21.625 -67.7703 7.00287e-05 5.5254e-06
21.65 -67.7725 7.0028e-05 5.5135e-06
21.675 -67.7747 7.00273e-05 5.50186e-06
21.7 -67.7769 7.00267e-05 5.49048e-06
21.725 -67.7791 7.0026e-05 5.47934e-06
21.75 -67.7813 7.00254e-05 5.46846e-06
21.775 -67.7834 7.00247e-05 5.45781e-06
21.8 -67.7856 7.00241e-05 5.44739e-06
21.825 -67.7877 7.00235e-05 5.4372e-06
21.85 -67.7899 7.0023e-05 5.42724e-06
21.875 -67.792 7.00224e-05 5.41749e-06
21.9 -67.7941 7.00218e-05 5.40795e-06
21.925 -67.7962 7.00213e-05 5.39862e-06
21.95 -67.7984 7.00208e-05 5.38949e-06
21.975 -67.8005 7.00203e-05 5.38055e-06
22 -67.8026 7.00198e-05 5.37181e-06
22.025 -67.8046 7.00193e-05 5.36325e-06
22.05 -67.8067 7.00188e-05 5.35488e-06
22.075 -67.8088 7.00183e-05 5.34668e-06
22.1 -67.8109 7.00179e-05 5.33866e-06
22.125 -67.8129 7.00174e-05 5.33081e-06
22.15 -67.815 7.0017e-05 5.32312e-06
22.175 -67.8171 7.00166e-05 5.31559e-06
22.2 -67.8191 7.00162e-05 5.30822e-06
22.225 -67.8211 7.00158e-05 5.30101e-06
22.25 -67.8232 7.00154e-05 5.29394e-06
22.275 -67.8252 7.0015e-05 5.28702e-06
22.3 -67.8272 7.00146e-05 5.28024e-06
22.325 -67.8292 7.00143e-05 5.2736e-06
22.35 -67.8313 7.00139e-05 5.2671e-06
22.375 -67.8333 7.00136e-05 5.26073e-06
22.4 -67.8353 7.00132e-05 5.25449e-06
22.425 -67.8372 7.00129e-05 5.24837e-06
22.45 -67.8392 7.00126e-05 5.24238e-06
22.475 -67.8412 7.00123e-05 5.2365e-06
22.5 -67.8432 7.0012e-05 5.23075e-06
22.525 -67.8451 7.00117e-05 5.22511e-06
22.55 -67.8471 7.00114e-05 5.21958e-06
22.575 -67.8491 7.00111e-05 5.21416e-06
22.6 -67.851 7.00109e-05 5.20884e-06
22.625 -67.853 7.00106e-05 5.20363e-06
22.65 -67.8549 7.00103e-05 5.19852e-06
22.675 -67.8568 7.00101e-05 5.19351e-06
22.7 -67.8588 7.00098e-05 5.1886e-06
22.725 -67.8607 7.00096e-05 5.18378e-06
22.75 -67.8626 7.00093e-05 5.17905e-06
22.775 -67.8645 7.00091e-05 5.17441e-06
22.8 -67.8664 7.00089e-05 5.16986e-06
22.825 -67.8683 7.00087e-05 5.1654e-06
22.85 -67.8702 7.00085e-05 5.16102e-06
22.875 -67.8721 7.00082e-05 5.15671e-06
22.9 -67.874 7.0008e-05 5.15249e-06
22.925 -67.8759 7.00078e-05 5.14835e-06
22.95 -67.8778 7.00077e-05 5.14428e-06
22.975 -67.8796 7.00075e-05 5.14029e-06
23 -67.8815 7.00073e-05 5.13636e-06
23.025 -67.8834 7.00071e-05 5.13251e-06
23.05 -67.8852 7.00069e-05 5.12873e-06
23.075 -67.8871 7.00068e-05 5.12501e-06
23.1 -67.8889 7.00066e-05 5.12136e-06
23.125 -67.8908 7.00064e-05 5.11777e-06
23.15 -67.8926 7.00063e-05 5.11425e-06
23.175 -67.8944 7.00061e-05 5.11079e-06
23.2 -67.8963 7.0006e-05 5.10738e-06
23.225 -67.8981 7.00058e-05 5.10404e-06
23.25 -67.8999 7.00057e-05 5.10075e-06
23.275 -67.9017 7.00055e-05 5.09751e-06
23.3 -67.9035 7.00054e-05 5.09433e-06
23.325 -67.9054 7.00053e-05 5.0912e-06
23.35 -67.9072 7.00051e-05 5.08813e-06
23.375 -67.909 7.0005e-05 5.0851e-06
23.4 -67.9107 7.00049e-05 5.08212e-06
23.425 -67.9125 7.00048e-05 5.0792e-06
23.45 -67.9143 7.00046e-05 5.07631e-06
23.475 -67.9161 7.00045e-05 5.07348e-06
23.5 -67.9179 7.00044e-05 5.07069e-06
23.525 -67.9197 7.00043e-05 5.06794e-06
23.55 -67.9214 7.00042e-05 5.06523e-06
23.575 -67.9232 7.00041e-05 5.06257e-06
23.6 -67.9249 7.0004e-05 5.05994e-06
23.625 -67.9267 7.00039e-05 5.05736e-06
23.65 -67.9285 7.00038e-05 5.05482e-06
23.675 -67.9302 7.00037e-05 5.05231e-06
23.7 -67.9319 7.00036e-05 5.04984e-06
23.725 -67.9337 7.00035e-05 5.0474e-06
23.75 -67.9354 7.00034e-05 5.045e-06
23.775 -67.9372 7.00034e-05 5.04264e-06
23.8 -67.9389 7.00033e-05 5.04031e-06
23.825 -67.9406 7.00032e-05 5.03801e-06
23.85 -67.9423 7.00031e-05 5.03574e-06
23.875 -67.9441 7.0003e-05 5.03351e-06
23.9 -67.9458 7.0003e-05 5.0313e-06
23.925 -67.9475 7.00029e-05 5.02913e-06
23.95 -67.9492 7.00028e-05 5.02698e-06
23.975 -67.9509 7.00028e-05 5.02487e-06
24 -67.9526 7.00027e-05 5.02278e-06
24.025 -67.9543 7.00026e-05 5.02072e-06
24.05 -67.956 7.00026e-05 5.01868e-06
24.075 -67.9577 7.00025e-05 5.01667e-06
24.1 -67.9593 7.00024e-05 5.01469e-06
24.125 -67.961 7.00024e-05 5.01273e-06
24.15 -67.9627 7.00023e-05 5.0108e-06
24.175 -67.9644 7.00023e-05 5.00888e-06
24.2 -67.9661 7.00022e-05 5.007e-06
24.225 -67.9677 7.00022e-05 5.00513e-06
24.25 -67.9694 7.00021e-05 5.00329e-06
24.275 -67.9711 7.0002e-05 5.00147e-06
24.3 -67.9727 7.0002e-05 4.99967e-06
24.325 -67.9744 7.00019e-05 4.99789e-06
24.35 -67.976 7.00019e-05 4.99613e-06
24.375 -67.9777 7.00019e-05 4.99439e-06
24.4 -67.9793 7.00018e-05 4.99267e-06
24.425 -67.981 7.00018e-05 4.99097e-06
24.45 -67.9826 7.00017e-05 4.98928e-06
24.475 -67.9842 7.00017e-05 4.98762e-06
24.5 -67.9859 7.00016e-05 4.98597e-06
24.525 -67.9875 7.00016e-05 4.98434e-06
24.55 -67.9891 7.00016e-05 4.98273e-06
24.575 -67.9907 7.00015e-05 4.98113e-06
24.6 -67.9924 7.00015e-05 4.97955e-06
24.625 -67.994 7.00014e-05 4.97798e-06
24.65 -67.9956 7.00014e-05 4.97643e-06
24.675 -67.9972 7.00014e-05 4.9749e-06
24.7 -67.9988 7.00013e-05 4.97338e-06
24.725 -68.0004 7.00013e-05 4.97187e-06
24.75 -68.002 7.00013e-05 4.97038e-06
24.775 -68.0036 7.00012e-05 4.9689e-06
24.8 -68.0052 7.00012e-05 4.96744e-06
24.825 -68.0068 7.00012e-05 4.96599e-06
24.85 -68.0084 7.00012e-05 4.96455e-06
24.875 -68.01 7.00011e-05 4.96313e-06
24.9 -68.0116 7.00011e-05 4.96171e-06
24.925 -68.0132 7.00011e-05 4.96031e-06
24.95 -68.0147 7.00011e-05 4.95892e-06
24.975 -68.0163 7.0001e-05 4.95755e-06
25 -68.0179 7.0001e-05 4.95618e-06
25.025 -68.0195 7.0001e-05 4.95482e-06
25.05 -68.021 7.0001e-05 4.95348e-06
25.075 -68.0226 7.00009e-05 4.95215e-06
25.1 -68.0242 7.00009e-05 4.95082e-06
25.125 -68.0257 7.00009e-05 4.94951e-06
25.15 -68.0273 7.00009e-05 4.94821e-06
25.175 -68.0289 7.00008e-05 4.94691e-06
25.2 -68.0304 7.00008e-05 4.94563e-06
25.225 -68.032 7.00008e-05 4.94435e-06
25.25 -68.0335 7.00008e-05 4.94309e-06
25.275 -68.0351 7.00008e-05 4.94183e-06
25.3 -68.0366 7.00007e-05 4.94058e-06
25.325 -68.0381 7.00007e-05 4.93935e-06
25.35 -68.0397 7.00007e-05 4.93811e-06
25.375 -68.0412 7.00007e-05 4.93689e-06
25.4 -68.0427 7.00007e-05 4.93568e-06
25.425 -68.0443 7.00007e-05 4.93447e-06
25.45 -68.0458 7.00006e-05 4.93327e-06
25.475 -68.0473 7.00006e-05 4.93208e-06
25.5 -68.0489 7.00006e-05 4.9309e-06
25.525 -68.0504 7.00006e-05 4.92972e-06
25.55 -68.0519 7.00006e-05 4.92855e-06
25.575 -68.0534 7.00006e-05 4.92739e-06
25.6 -68.0549 7.00006e-05 4.92623e-06
25.625 -68.0564 7.00005e-05 4.92509e-06
25.65 -68.058 7.00005e-05 4.92394e-06
25.675 -68.0595 7.00005e-05 4.92281e-06
25.7 -68.061 7.00005e-05 4.92168e-06
25.725 -68.0625 7.00005e-05 4.92056e-06
25.75 -68.064 7.00005e-05 4.91944e-06
25.775 -68.0655 7.00005e-05 4.91833e-06
25.8 -68.067 7.00005e-05 4.91722e-06
25.825 -68.0685 7.00004e-05 4.91612e-06
25.85 -68.07 7.00004e-05 4.91503e-06
25.875 -68.0714 7.00004e-05 4.91394e-06
25.9 -68.0729 7.00004e-05 4.91286e-06
25.925 -68.0744 7.00004e-05 4.91178e-06
25.95 -68.0759 7.00004e-05 4.91071e-06
25.975 -68.0774 7.00004e-05 4.90964e-06
26 -68.0789 7.00004e-05 4.90858e-06
26.025 -68.0803 7.00004e-05 4.90752e-06
26.05 -68.0818 7.00004e-05 4.90647e-06
26.075 -68.0833 7.00004e-05 4.90542e-06
26.1 -68.0848 7.00003e-05 4.90438e-06
26.125 -68.0862 7.00003e-05 4.90334e-06
26.15 -68.0877 7.00003e-05 4.90231e-06
26.175 -68.0892 7.00003e-05 4.90128e-06
26.2 -68.0906 7.00003e-05 4.90025e-06
26.225 -68.0921 7.00003e-05 4.89923e-06
26.25 -68.0935 7.00003e-05 4.89821e-06
26.275 -68.095 7.00003e-05 4.8972e-06
26.3 -68.0965 7.00003e-05 4.89619e-06
26.325 -68.0979 7.00003e-05 4.89519e-06
26.35 -68.0994 7.00003e-05 4.89419e-06
26.375 -68.1008 7.00003e-05 4.89319e-06
26.4 -68.1023 7.00003e-05 4.8922e-06
26.425 -68.1037 7.00003e-05 4.89121e-06
26.45 -68.1051 7.00002e-05 4.89022e-06
26.475 -68.1066 7.00002e-05 4.88924e-06
26.5 -68.108 7.00002e-05 4.88826e-06
26.525 -68.1095 7.00002e-05 4.88729e-06
26.55 -68.1109 7.00002e-05 4.88632e-06
26.575 -68.1123 7.00002e-05 4.88535e-06
26.6 -68.1138 7.00002e-05 4.88438e-06
26.625 -68.1152 7.00002e-05 4.88342e-06
26.65 -68.1166 7.00002e-05 4.88246e-06
26.675 -68.118 7.00002e-05 4.88151e-06
26.7 -68.1195 7.00002e-05 4.88055e-06
26.725 -68.1209 7.00002e-05 4.8796e-06
26.75 -68.1223 7.00002e-05 4.87866e-06
26.775 -68.1237 7.00002e-05 4.87771e-06
26.8 -68.1251 7.00002e-05 4.87677e-06
26.825 -68.1266 7.00002e-05 4.87583e-06
26.85 -68.128 7.00002e-05 4.8749e-06
26.875 -68.1294 7.00002e-05 4.87397e-06
26.9 -68.1308 7.00002e-05 4.87304e-06
26.925 -68.1322 7.00002e-05 4.87211e-06
26.95 -68.1336 7.00002e-05 4.87119e-06
26.975 -68.135 7.00002e-05 4.87026e-06
27 -68.1364 7.00001e-05 4.86935e-06
27.025 -68.1378 7.00001e-05 4.86843e-06
27.05 -68.1392 7.00001e-05 4.86751e-06
27.075 -68.1406 7.00001e-05 4.8666e-06
27.1 -68.142 7.00001e-05 4.86569e-06
27.125 -68.1434 7.00001e-05 4.86479e-06
27.15 -68.1448 7.00001e-05 4.86388e-06
27.175 -68.1462 7.00001e-05 4.86298e-06
27.2 -68.1476 7.00001e-05 4.86208e-06
27.225 -68.149 7.00001e-05 4.86118e-06
27.25 -68.1504 7.00001e-05 4.86029e-06
27.275 -68.1517 7.00001e-05 4.85939e-06
27.3 -68.1531 7.00001e-05 4.8585e-06
27.325 -68.1545 7.00001e-05 4.85761e-06
27.35 -68.1559 7.00001e-05 4.85673e-06
27.375 -68.1573 7.00001e-05 4.85584e-06
27.4 -68.1586 7.00001e-05 4.85496e-06
27.425 -68.16 7.00001e-05 4.85408e-06
27.45 -68.1614 7.00001e-05 4.8532e-06
27.475 -68.1628 7.00001e-05 4.85232e-06
27.5 -68.1641 7.00001e-05 4.85145e-06
27.525 -68.1655 7.00001e-05 4.85058e-06
27.55 -68.1669 7.00001e-05 4.8497e-06
27.575 -68.1682 7.00001e-05 4.84884e-06
27.6 -68.1696 7.00001e-05 4.84797e-06
27.625 -68.171 7.00001e-05 4.8471e-06
27.65 -68.1723 7.00001e-05 4.84624e-06
27.675 -68.1737 7.00001e-05 4.84538e-06
27.7 -68.175 7.00001e-05 4.84452e-06
27.725 -68.1764 7.00001e-05 4.84366e-06
27.75 -68.1777 7.00001e-05 4.8428e-06
27.775 -68.1791 7.00001e-05 4.84195e-06
27.8 -68.1804 7.00001e-05 4.84109e-06
27.825 -68.1818 7.00001e-05 4.84024e-06
27.85 -68.1831 7.00001e-05 4.83939e-06
27.875 -68.1845 7.00001e-05 4.83854e-06
27.9 -68.1858 7.00001e-05 4.8377e-06
27.925 -68.1872 7.00001e-05 4.83685e-06
27.95 -68.1885 7.00001e-05 4.83601e-06
27.975 -68.1899 7.00001e-05 4.83517e-06
28 -68.1912 7.00001e-05 4.83433e-06
28.025 -68.1925 7.00001e-05 4.83349e-06
28.05 -68.1939 7.00001e-05 4.83265e-06
28.075 -68.1952 7.00001e-05 4.83181e-06
28.1 -68.1966 7.00001e-05 4.83098e-06
28.125 -68.1979 7.00001e-05 4.83015e-06
28.15 -68.1992 7.00001e-05 4.82932e-06
28.175 -68.2005 7.00001e-05 4.82849e-06
28.2 -68.2019 7.00001e-05 4.82766e-06
28.225 -68.2032 7.00001e-05 4.82683e-06
28.25 -68.2045 7.00001e-05 4.826e-06
28.275 -68.2058 7.00001e-05 4.82518e-06
28.3 -68.2072 7.00001e-05 4.82436e-06
28.325 -68.2085 7.00001e-05 4.82353e-06
28.35 -68.2098 7.00001e-05 4.82271e-06
28.375 -68.2111 7.00001e-05 4.8219e-06
28.4 -68.2124 7e-05 4.82108e-06
28.425 -68.2138 7e-05 4.82026e-06
28.45 -68.2151 7e-05 4.81945e-06
28.475 -68.2164 7e-05 4.81863e-06
28.5 -68.2177 7e-05 4.81782e-06
28.525 -68.219 7e-05 4.81701e-06
28.55 -68.2203 7e-05 4.8162e-06
28.575 -68.2216 7e-05 4.81539e-06
28.6 -68.2229 7e-05 4.81458e-06
28.625 -68.2242 7e-05 4.81378e-06
28.65 -68.2255 7e-05 4.81297e-06
28.675 -68.2268 7e-05 4.81217e-06
28.7 -68.2281 7e-05 4.81136e-06
28.725 -68.2294 7e-05 4.81056e-06
28.75 -68.2307 7e-05 4.80976e-06
28.775 -68.232 7e-05 4.80896e-06
28.8 -68.2333 7e-05 4.80817e-06
28.825 -68.2346 7e-05 4.80737e-06
28.85 -68.2359 7e-05 4.80657e-06
28.875 -68.2372 7e-05 4.80578e-06
28.9 -68.2385 7e-05 4.80499e-06
28.925 -68.2398 7e-05 4.80419e-06
28.95 -68.2411 7e-05 4.8034e-06
28.975 -68.2424 7e-05 4.80261e-06
29 -68.2437 7e-05 4.80182e-06
29.025 -68.2449 7e-05 4.80103e-06
29.05 -68.2462 7e-05 4.80025e-06
29.075 -68.2475 7e-05 4.79946e-06
29.1 -68.2488 7e-05 4.79868e-06
29.125 -68.2501 7e-05 4.79789e-06
29.15 -68.2513 7e-05 4.79711e-06
29.175 -68.2526 7e-05 4.79633e-06
29.2 -68.2539 7e-05 4.79555e-06
29.225 -68.2552 7e-05 4.79477e-06
29.25 -68.2564 7e-05 4.79399e-06
29.275 -68.2577 7e-05 4.79321e-06
29.3 -68.259 7e-05 4.79244e-06
29.325 -68.2603 7e-05 4.79166e-06
29.35 -68.2615 7e-05 4.79089e-06
29.375 -68.2628 7e-05 4.79011e-06
29.4 -68.2641 7e-05 4.78934e-06
29.425 -68.2653 7e-05 4.78857e-06
29.45 -68.2666 7e-05 4.7878e-06
29.475 -68.2679 7e-05 4.78703e-06
29.5 -68.2691 7e-05 4.78626e-06
29.525 -68.2704 7e-05 4.7855e-06
29.55 -68.2716 7e-05 4.78473e-06
29.575 -68.2729 7e-05 4.78396e-06
29.6 -68.2741 7e-05 4.7832e-06
29.625 -68.2754 7e-05 4.78243e-06
29.65 -68.2767 7e-05 4.78167e-06
29.675 -68.2779 7e-05 4.78091e-06
29.7 -68.2792 7e-05 4.78015e-06
29.725 -68.2804 7e-05 4.77939e-06
29.75 -68.2817 7e-05 4.77863e-06
29.775 -68.2829 7e-05 4.77787e-06
29.8 -68.2842 7e-05 4.77711e-06
29.825 -68.2854 7e-05 4.77636e-06
29.85 -68.2866 7e-05 4.7756e-06
29.875 -68.2879 7e-05 4.77485e-06
29.9 -68.2891 7e-05 4.77409e-06
29.925 -68.2904 7e-05 4.77334e-06
29.95 -68.2916 7e-05 4.77259e-06
29.975 -68.2929 7e-05 4.77184e-06
