0 -70 7e-05 3.74149e-11
0.025 -70 7e-05 3.7415e-11
0.05 -70 7e-05 3.7415e-11
0.075 -70 7e-05 3.7415e-11
0.1 -70 7e-05 3.7415e-11
0.125 -70 7e-05 3.7415e-11
0.15 -70 7e-05 3.7415e-11
0.175 -70 7e-05 3.7415e-11
0.2 -70 7e-05 3.74151e-11
0.225 -70 7e-05 3.74151e-11
0.25 -70 7e-05 3.74151e-11
0.275 -69.9999 7e-05 3.74151e-11
0.3 -69.9999 7e-05 3.74151e-11
0.325 -69.9999 7e-05 3.74151e-11
0.35 -69.9999 7e-05 3.74151e-11
0.375 -69.9999 7e-05 3.74151e-11
0.4 -69.9999 7e-05 3.74151e-11
0.425 -69.9999 7e-05 3.74151e-11
0.45 -69.9999 7e-05 3.74152e-11
0.475 -69.9999 7e-05 3.74152e-11
0.5 -69.9999 7e-05 3.74152e-11
0.525 -69.9999 7e-05 3.74152e-11
0.55 -69.9999 7e-05 3.74152e-11
0.575 -69.9999 7e-05 3.74152e-11
0.6 -69.9999 7e-05 3.74152e-11
0.625 -69.9999 7e-05 3.74152e-11
0.65 -69.9999 7e-05 3.74152e-11
0.675 -69.9999 7e-05 3.74152e-11
0.7 -69.9999 7e-05 3.74152e-11
0.725 -69.9999 7e-05 3.74152e-11
0.75 -69.9999 7e-05 3.74153e-11
0.775 -69.9999 7e-05 3.74153e-11
0.8 -69.9999 7e-05 3.74153e-11
0.825 -69.9999 7e-05 3.74153e-11
0.85 -69.9999 7e-05 3.74153e-11
0.875 -69.9999 7e-05 3.74153e-11
0.9 -69.9999 7e-05 3.74153e-11
0.925 -69.9999 7e-05 3.74153e-11
0.95 -69.9999 7e-05 3.74153e-11
0.975 -69.9999 7e-05 3.74153e-11
1 -69.9999 7e-05 3.74153e-11
1.025 -69.9999 7e-05 3.74153e-11
1.05 -69.9999 7e-05 3.74153e-11
1.075 -69.9999 7e-05 3.74154e-11
1.1 -69.9999 7e-05 3.74154e-11
1.125 -69.9999 7e-05 3.74154e-11
1.15 -69.9998 7e-05 3.74154e-11
1.175 -69.9998 7e-05 3.74154e-11
1.2 -69.9998 7e-05 3.74154e-11
1.225 -69.9998 7e-05 3.74154e-11
1.25 -69.9998 7e-05 3.74154e-11
1.275 -69.9998 7e-05 3.74154e-11
1.3 -69.9998 7e-05 3.74154e-11
1.325 -69.9998 7e-05 3.74154e-11
1.35 -69.9998 7e-05 3.74154e-11
1.375 -69.9998 7e-05 3.74154e-11
1.4 -69.9998 7e-05 3.74155e-11
1.425 -69.9998 7e-05 3.74155e-11
1.45 -69.9998 7e-05 3.74155e-11
1.475 -69.9998 7e-05 3.74155e-11
1.5 -69.9998 7e-05 3.74155e-11
1.525 -69.9998 7e-05 3.74155e-11
1.55 -69.9998 7e-05 3.74155e-11
1.575 -69.9998 7e-05 3.74155e-11
1.6 -69.9998 7e-05 3.74155e-11
1.625 -69.9998 7e-05 3.74155e-11
1.65 -69.9998 7e-05 3.74155e-11
1.675 -69.9998 7e-05 3.74155e-11
1.7 -69.9998 7e-05 3.74155e-11
1.725 -69.9998 7e-05 3.74155e-11
1.75 -69.9998 7e-05 3.74156e-11
1.775 -69.9998 7e-05 3.74156e-11
1.8 -69.9998 7e-05 3.74156e-11
1.825 -69.9998 7e-05 3.74156e-11
1.85 -69.9998 7e-05 3.74156e-11
1.875 -69.9998 7e-05 3.74156e-11
1.9 -69.9998 7e-05 3.74156e-11
1.925 -69.9998 7e-05 3.74156e-11
1.95 -69.9998 7e-05 3.74156e-11
1.975 -69.9998 7e-05 3.74156e-11
2 -69.9998 7e-05 3.74156e-11
2.025 -69.9998 7e-05 3.74156e-11
2.05 -69.9998 7e-05 3.74156e-11
2.075 -69.9998 7e-05 3.74156e-11
2.1 -69.9998 7e-05 3.74157e-11
2.125 -69.9998 7e-05 3.74157e-11
2.15 -69.9998 7e-05 3.74157e-11
2.175 -69.9998 7e-05 3.74157e-11
2.2 -69.9998 7e-05 3.74157e-11
2.225 -69.9998 7e-05 3.74157e-11
2.25 -69.9998 7e-05 3.74157e-11
2.275 -69.9998 7e-05 3.74157e-11
2.3 -69.9998 7e-05 3.74157e-11
2.325 -69.9998 7e-05 3.74157e-11
2.35 -69.9998 7e-05 3.74157e-11
2.375 -69.9998 7e-05 3.74157e-11
2.4 -69.9998 7e-05 3.74157e-11
2.425 -69.9998 7e-05 3.74157e-11
2.45 -69.9997 7e-05 3.74158e-11
2.475 -69.9997 7e-05 3.74158e-11
2.5 -69.9997 7e-05 3.74158e-11
2.525 -69.9997 7e-05 3.74158e-11
2.55 -69.9997 7e-05 3.74158e-11
2.575 -69.9997 7e-05 3.74158e-11
2.6 -69.9997 7e-05 3.74158e-11
2.625 -69.9997 7e-05 3.74158e-11
2.65 -69.9997 7e-05 3.74158e-11
2.675 -69.9997 7e-05 3.74158e-11
2.7 -69.9997 7e-05 3.74158e-11
2.725 -69.9997 7e-05 3.74158e-11
2.75 -69.9997 7e-05 3.74158e-11
2.775 -69.9997 7e-05 3.74158e-11
2.8 -69.9997 7e-05 3.74158e-11
2.825 -69.9997 7e-05 3.74159e-11
2.85 -69.9997 7e-05 3.74159e-11
2.875 -69.9997 7e-05 3.74159e-11
2.9 -69.9997 7e-05 3.74159e-11
2.925 -69.9997 7e-05 3.74159e-11
2.95 -69.9997 7e-05 3.74159e-11
2.975 -69.9997 7e-05 3.74159e-11
3 -69.9997 7e-05 3.74159e-11
3.025 -69.9997 7e-05 3.74159e-11
3.05 -69.9997 7e-05 3.74159e-11
3.075 -69.9997 7e-05 3.74159e-11
3.1 -69.9997 7e-05 3.74159e-11
3.125 -69.9997 7e-05 3.74159e-11
3.15 -69.9997 7e-05 3.74159e-11
3.175 -69.9997 7e-05 3.74159e-11
3.2 -69.9997 7e-05 3.7416e-11
3.225 -69.9997 7e-05 3.7416e-11
3.25 -69.9997 7e-05 3.7416e-11
3.275 -69.9997 7e-05 3.7416e-11
3.3 -69.9997 7e-05 3.7416e-11
3.325 -69.9997 7e-05 3.7416e-11
3.35 -69.9997 7e-05 3.7416e-11
3.375 -69.9997 7e-05 3.7416e-11
3.4 -69.9997 7e-05 3.7416e-11
3.425 -69.9997 7e-05 3.7416e-11
3.45 -69.9997 7e-05 3.7416e-11
3.475 -69.9997 7e-05 3.7416e-11
3.5 -69.9997 7e-05 3.7416e-11
3.525 -69.9997 7e-05 3.7416e-11
3.55 -69.9997 7e-05 3.7416e-11
3.575 -69.9997 7e-05 3.74161e-11
3.6 -69.9997 7e-05 3.74161e-11
3.625 -69.9997 7e-05 3.74161e-11
3.65 -69.9997 7e-05 3.74161e-11
3.675 -69.9997 7e-05 3.74161e-11
3.7 -69.9997 7e-05 3.74161e-11
3.725 -69.9997 7e-05 3.74161e-11
3.75 -69.9997 7e-05 3.74161e-11
3.775 -69.9997 7e-05 3.74161e-11
3.8 -69.9997 7e-05 3.74161e-11
3.825 -69.9997 7e-05 3.74161e-11
3.85 -69.9997 7e-05 3.74161e-11
3.875 -69.9997 7e-05 3.74161e-11
3.9 -69.9997 7e-05 3.74161e-11
3.925 -69.9997 7e-05 3.74161e-11
3.95 -69.9997 7e-05 3.74162e-11
3.975 -69.9997 7e-05 3.74162e-11
4 -69.9997 7e-05 3.74162e-11
4.025 -69.9997 7e-05 3.74162e-11
4.05 -69.9996 7e-05 3.74162e-11
4.075 -69.9996 7e-05 3.74162e-11
4.1 -69.9996 7e-05 3.74162e-11
4.125 -69.9996 7e-05 3.74162e-11
4.15 -69.9996 7e-05 3.74162e-11
4.175 -69.9996 7e-05 3.74162e-11
4.2 -69.9996 7e-05 3.74162e-11
4.225 -69.9996 7e-05 3.74162e-11
4.25 -69.9996 7e-05 3.74162e-11
4.275 -69.9996 7e-05 3.74162e-11
4.3 -69.9996 7e-05 3.74162e-11
4.325 -69.9996 7e-05 3.74163e-11
4.35 -69.9996 7e-05 3.74163e-11
4.375 -69.9996 7e-05 3.74163e-11
4.4 -69.9996 7e-05 3.74163e-11
4.425 -69.9996 7e-05 3.74163e-11
4.45 -69.9996 7e-05 3.74163e-11
4.475 -69.9996 7e-05 3.74163e-11
4.5 -69.9996 7e-05 3.74163e-11
4.525 -69.9996 7e-05 3.74163e-11
4.55 -69.9996 7e-05 3.74163e-11
4.575 -69.9996 7e-05 3.74163e-11
4.6 -69.9996 7e-05 3.74163e-11
4.625 -69.9996 7e-05 3.74163e-11
4.65 -69.9996 7e-05 3.74163e-11
4.675 -69.9996 7e-05 3.74163e-11
4.7 -69.9996 7e-05 3.74164e-11
4.725 -69.9996 7e-05 3.74164e-11
4.75 -69.9996 7e-05 3.74164e-11
4.775 -69.9996 7e-05 3.74164e-11
4.8 -69.9996 7e-05 3.74164e-11
4.825 -69.9996 7e-05 3.74164e-11
4.85 -69.9996 7e-05 3.74164e-11
4.875 -69.9996 7e-05 3.74164e-11
4.9 -69.9996 7e-05 3.74164e-11
4.925 -69.9996 7e-05 3.74164e-11
4.95 -69.9996 7e-05 3.74164e-11
4.975 -69.9996 7e-05 3.74164e-11
5 -69.9996 7e-05 3.74164e-11
5.025 -66.4304 7e-05 4.63193e-11
5.05 -63.7151 7e-05 5.3177e-11
5.075 -61.43 7e-05 5.90669e-11
5.1 -59.4259 7e-05 6.43777e-11
5.125 -57.6263 7e-05 6.93156e-11
5.15 -55.9838 7e-05 7.40125e-11
5.175 -54.4661 7e-05 7.8562e-11
5.2 -53.0498 7e-05 8.30359e-11
5.225 -51.7166 7e-05 8.74922e-11
5.25 -50.452 7e-05 9.19809e-11
5.275 -49.2432 7e-05 9.65478e-11
5.3 -48.0784 7e-05 1.01238e-10
5.325 -46.9461 7.00001e-05 1.06098e-10
5.35 -45.8336 7.00001e-05 1.11181e-10
5.375 -44.7269 7.00001e-05 1.16549e-10
5.4 -43.6092 7.00002e-05 1.2228e-10
5.425 -42.4598 7.00003e-05 1.28472e-10
5.45 -41.2521 7.00004e-05 1.35258e-10
5.475 -39.9507 7.00006e-05 1.42822e-10
5.5 -38.5064 7.00009e-05 1.51426e-10
5.525 -36.8485 7.00013e-05 1.61465e-10
5.55 -34.8703 7.00019e-05 1.73553e-10
5.575 -32.405 7.00028e-05 1.88697e-10
5.6 -29.1817 7.00042e-05 2.08635e-10
5.625 -24.7583 7.00065e-05 2.36531e-10
5.65 -18.4556 7.00106e-05 2.78367e-10
5.675 -9.50879 7.0019e-05 3.45619e-10
5.7 2.0112 7.00395e-05 4.60896e-10
5.725 14.0404 7.0108e-05 6.76422e-10
5.75 23.9088 7.04445e-05 8.66441e-10
5.775 30.6245 7.24732e-05 1.01825e-09
5.8 34.7891 8.2476e-05 1.19737e-09
5.825 37.3718 0.000114406 1.6587e-09
5.85 39.0546 0.000181402 5.10897e-09
5.875 40.2025 0.000286951 5.61824e-08
5.9 40.9864 0.000426201 8.73092e-07
5.925 41.4791 0.000590189 9.99683e-06
5.95 41.7091 0.000769351 6.92925e-05
5.975 41.6859 0.000955588 0.000287336
6 41.4123 0.00114305 0.000778795
6.025 38.6587 0.00132815 0.00155737
6.05 36.8244 0.00150914 0.00256258
6.075 35.22 0.00169874 0.00383062
6.1 33.6325 0.00188976 0.00538475
6.125 31.9838 0.00208034 0.00724743
6.15 30.2473 0.00227036 0.00943879
6.175 28.4187 0.00246035 0.0119744
6.2 26.505 0.00265106 0.0148638
6.225 24.5181 0.00284323 0.0181102
6.25 22.473 0.00303756 0.02171
6.275 20.3854 0.00323459 0.0256533
6.3 18.2707 0.00343473 0.0299236
6.325 16.1435 0.00363825 0.0344984
6.35 14.0169 0.00384522 0.039349
6.375 11.9022 0.0040556 0.0444409
6.4 9.80928 0.00426918 0.0497345
6.425 7.74592 0.00448561 0.0551858
6.45 5.71823 0.00470441 0.0607472
6.475 3.73058 0.00492497 0.066369
6.5 1.78562 0.00514655 0.0720002
6.525 -0.115727 0.00536829 0.0775898
6.55 -1.97413 0.00558921 0.0830874
6.575 -3.79189 0.00580819 0.088444
6.6 -5.57276 0.00602403 0.0936117
6.625 -7.32196 0.00623538 0.0985444
6.65 -9.04602 0.00644081 0.103197
6.675 -10.7527 0.00663874 0.107524
6.7 -12.4509 0.00682753 0.111483
6.725 -14.1508 0.00700538 0.115028
6.75 -15.8634 0.00717043 0.118115
6.775 -17.6009 0.00732069 0.120697
6.8 -19.3762 0.00745409 0.122727
6.825 -21.2031 0.00756846 0.124158
6.85 -23.0951 0.00766158 0.124945
6.875 -25.0652 0.00773122 0.125045
6.9 -27.124 0.00777521 0.124426
6.925 -29.2775 0.00779157 0.123071
6.95 -31.5238 0.00777871 0.12099
6.975 -33.8494 0.00773574 0.118228
7 -36.2257 0.00766284 0.114881
7.025 -38.6074 0.00756172 0.111095
7.05 -40.9364 0.0074359 0.107058
7.075 -43.1509 0.00729071 0.102978
7.1 -45.1991 0.00713254 0.0990372
7.125 -47.0504 0.00696773 0.0953654
7.15 -48.6975 0.00680129 0.0920265
7.175 -50.151 0.00663641 0.0890318
7.2 -51.4305 0.00647465 0.0863615
7.225 -52.5578 0.00631661 0.0839829
7.25 -53.5541 0.0061624 0.08186
7.275 -54.438 0.00601198 0.0799586
7.3 -55.2259 0.00586527 0.0782477
7.325 -55.9315 0.00572219 0.0767004
7.35 -56.5664 0.00558263 0.0752937
7.375 -57.1403 0.00544653 0.0740081
7.4 -57.6612 0.00531378 0.0728271
7.425 -58.1359 0.00518431 0.0717372
7.45 -58.5701 0.00505804 0.0707266
7.475 -58.9685 0.00493488 0.0697856
7.5 -59.3353 0.00481477 0.0689059
7.525 -59.6738 0.00469762 0.0680804
7.55 -59.9872 0.00458336 0.067303
7.575 -60.2779 0.00447193 0.0665683
7.6 -60.5481 0.00436324 0.0658718
7.625 -60.7999 0.00425724 0.0652094
7.65 -61.035 0.00415386 0.0645773
7.675 -61.2549 0.00405303 0.0639723
7.7 -61.461 0.00395469 0.0633914
7.725 -61.6544 0.00385877 0.0628318
7.75 -61.8364 0.00376523 0.062291
7.775 -62.0077 0.00367399 0.0617667
7.8 -62.1694 0.00358501 0.0612564
7.825 -62.3222 0.00349822 0.0607582
7.85 -62.4669 0.00341358 0.0602698
7.875 -62.6041 0.00333103 0.0597891
7.9 -62.7344 0.00325051 0.059314
7.925 -62.8582 0.00317199 0.0588422
7.95 -62.9762 0.0030954 0.0583716
7.975 -63.0886 0.0030207 0.0578995
8 -63.1959 0.00294785 0.0574231
8.025 -63.2983 0.00287679 0.0569392
8.05 -63.3961 0.00280749 0.0564511
8.075 -63.4899 0.0027399 0.0559693
8.1 -63.58 0.00267398 0.0554932
8.125 -63.6668 0.00260969 0.0550223
8.15 -63.7506 0.00254699 0.0545563
8.175 -63.8317 0.00248583 0.0540947
8.2 -63.9104 0.00242618 0.0536372
8.225 -63.9868 0.00236801 0.0531837
8.25 -64.0611 0.00231127 0.0527337
8.275 -64.1336 0.00225593 0.0522873
8.3 -64.2045 0.00220196 0.0518441
8.325 -64.2738 0.00214932 0.051404
8.35 -64.3417 0.00209798 0.0509669
8.375 -64.4084 0.00204791 0.0505327
8.4 -64.4739 0.00199908 0.0501013
8.425 -64.5383 0.00195145 0.0496727
8.45 -64.6018 0.001905 0.0492468
8.475 -64.6644 0.00185969 0.0488236
8.5 -64.7262 0.0018155 0.048403
8.525 -64.7872 0.00177241 0.047985
8.55 -64.8476 0.00173037 0.0475697
8.575 -64.9073 0.00168938 0.047157
8.6 -64.9664 0.0016494 0.046747
8.625 -65.0249 0.0016104 0.0463397
8.65 -65.0829 0.00157237 0.0459351
8.675 -65.1404 0.00153527 0.0455332
8.7 -65.1975 0.0014991 0.0451341
8.725 -65.2541 0.00146381 0.0447378
8.75 -65.3103 0.0014294 0.0443444
8.775 -65.3661 0.00139583 0.0439538
8.8 -65.4216 0.0013631 0.0435662
8.825 -65.4766 0.00133117 0.0431815
8.85 -65.5313 0.00130003 0.0427997
8.875 -65.5857 0.00126967 0.042421
8.9 -65.6397 0.00124005 0.0420453
8.925 -65.6935 0.00121116 0.0416727
8.95 -65.7469 0.00118298 0.0413031
8.975 -65.8 0.0011555 0.0409366
9 -65.8528 0.0011287 0.0405733
9.025 -65.9053 0.00110256 0.040213
9.05 -65.9575 0.00107707 0.0398559
9.075 -66.0094 0.0010522 0.039502
9.1 -66.0611 0.00102795 0.0391512
9.125 -66.1124 0.0010043 0.0388035
9.15 -66.1635 0.000981232 0.038459
9.175 -66.2143 0.000958734 0.0381176
9.2 -66.2649 0.000936791 0.0377794
9.225 -66.3151 0.00091539 0.0374443
9.25 -66.3651 0.000894517 0.0371123
9.275 -66.4148 0.00087416 0.0367834
9.3 -66.4643 0.000854305 0.0364576
9.325 -66.5135 0.00083494 0.0361348
9.35 -66.5624 0.000816054 0.0358152
9.375 -66.611 0.000797634 0.0354985
9.4 -66.6594 0.000779668 0.0351849
9.425 -66.7075 0.000762147 0.0348742
9.45 -66.7553 0.000745057 0.0345665
9.475 -66.8029 0.00072839 0.0342618
9.5 -66.8502 0.000712134 0.03396
9.525 -66.8972 0.00069628 0.0336611
9.55 -66.944 0.000680817 0.0333651
9.575 -66.9905 0.000665736 0.0330719
9.6 -67.0367 0.000651027 0.0327816
9.625 -67.0827 0.000636682 0.032494
9.65 -67.1284 0.00062269 0.0322093
9.675 -67.1738 0.000609044 0.0319273
9.7 -67.219 0.000595735 0.031648
9.725 -67.2639 0.000582755 0.0313715
9.75 -67.3085 0.000570095 0.0310976
9.775 -67.3529 0.000557747 0.0308263
9.8 -67.397 0.000545705 0.0305577
9.825 -67.4408 0.00053396 0.0302917
9.85 -67.4844 0.000522505 0.0300283
9.875 -67.5278 0.000511332 0.0297674
9.9 -67.5708 0.000500436 0.029509
9.925 -67.6136 0.000489808 0.0292532
9.95 -67.6561 0.000479443 0.0289998
9.975 -67.6984 0.000469334 0.0287489
10 -67.7404 0.000459474 0.0285004
10.025 -67.7822 0.000449858 0.0282543
10.05 -67.8237 0.000440479 0.0280105
10.075 -67.8649 0.000431332 0.0277692
10.1 -67.9059 0.000422411 0.0275302
10.125 -67.9467 0.00041371 0.0272935
10.15 -67.9871 0.000405224 0.027059
10.175 -68.0274 0.000396947 0.0268269
10.2 -68.0673 0.000388875 0.026597
10.225 -68.107 0.000381001 0.0263693
10.25 -68.1465 0.000373323 0.0261438
10.275 -68.1857 0.000365834 0.0259205
10.3 -68.2246 0.00035853 0.0256993
10.325 -68.2633 0.000351406 0.0254803
10.35 -68.3017 0.000344458 0.0252634
10.375 -68.3399 0.000337681 0.0250486
10.4 -68.3779 0.000331072 0.0248358
10.425 -68.4155 0.000324626 0.0246251
10.45 -68.453 0.00031834 0.0244165
10.475 -68.4901 0.000312208 0.0242099
10.5 -68.5271 0.000306228 0.0240052
10.525 -68.5637 0.000300396 0.0238025
10.55 -68.6002 0.000294707 0.0236018
10.575 -68.6363 0.000289159 0.023403
10.6 -68.6722 0.000283748 0.0232062
10.625 -68.7079 0.000278471 0.0230112
10.65 -68.7433 0.000273323 0.0228181
10.675 -68.7785 0.000268303 0.0226269
10.7 -68.8134 0.000263407 0.0224375
10.725 -68.8481 0.000258632 0.02225
10.75 -68.8825 0.000253975 0.0220642
10.775 -68.9167 0.000249432 0.0218803
10.8 -68.9506 0.000245002 0.0216981
10.825 -68.9843 0.000240681 0.0215177
10.85 -69.0177 0.000236467 0.021339
10.875 -69.0508 0.000232357 0.021162
10.9 -69.0838 0.000228348 0.0209868
10.925 -69.1164 0.000224439 0.0208132
10.95 -69.1489 0.000220626 0.0206413
10.975 -69.181 0.000216907 0.020471
11 -69.213 0.00021328 0.0203024
11.025 -69.2446 0.000209742 0.0201355
11.05 -69.2761 0.000206292 0.0199701
11.075 -69.3072 0.000202927 0.0198063
11.1 -69.3382 0.000199645 0.0196441
11.125 -69.3689 0.000196444 0.0194835
11.15 -69.3993 0.000193322 0.0193244
11.175 -69.4295 0.000190277 0.0191668
11.2 -69.4595 0.000187307 0.0190107
11.225 -69.4892 0.000184411 0.0188562
11.25 -69.5186 0.000181586 0.0187031
11.275 -69.5478 0.000178831 0.0185515
11.3 -69.5768 0.000176144 0.0184013
11.325 -69.6055 0.000173523 0.0182526
11.35 -69.634 0.000170967 0.0181054
11.375 -69.6623 0.000168475 0.0179595
11.4 -69.6903 0.000166043 0.017815
11.425 -69.718 0.000163672 0.0176719
11.45 -69.7455 0.000161359 0.0175302
11.475 -69.7728 0.000159103 0.0173898
11.5 -69.7999 0.000156903 0.0172508
11.525 -69.8267 0.000154758 0.0171131
11.55 -69.8532 0.000152665 0.0169767
11.575 -69.8795 0.000150624 0.0168416
11.6 -69.9056 0.000148633 0.0167078
11.625 -69.9315 0.000146692 0.0165752
11.65 -69.9571 0.000144798 0.0164439
11.675 -69.9825 0.000142952 0.0163139
11.7 -70.0077 0.000141151 0.0161851
11.725 -70.0326 0.000139394 0.0160575
11.75 -70.0573 0.00013768 0.0159312
11.775 -70.0817 0.000136009 0.015806
11.8 -70.106 0.00013438 0.015682
11.825 -70.13 0.00013279 0.0155592
11.85 -70.1537 0.00013124 0.0154375
11.875 -70.1773 0.000129728 0.015317
11.9 -70.2006 0.000128253 0.0151976
11.925 -70.2237 0.000126815 0.0150793
11.95 -70.2466 0.000125412 0.0149622
11.975 -70.2692 0.000124044 0.0148461
12 -70.2917 0.00012271 0.0147312
12.025 -70.3139 0.000121408 0.0146173
12.05 -70.3359 0.000120139 0.0145044
12.075 -70.3577 0.000118901 0.0143927
12.1 -70.3792 0.000117694 0.0142819
12.125 -70.4006 0.000116516 0.0141722
12.15 -70.4217 0.000115368 0.0140635
12.175 -70.4426 0.000114247 0.0139558
12.2 -70.4634 0.000113155 0.0138492
12.225 -70.4839 0.000112089 0.0137435
12.25 -70.5042 0.00011105 0.0136387
12.275 -70.5243 0.000110037 0.013535
12.3 -70.5441 0.000109048 0.0134322
12.325 -70.5638 0.000108084 0.0133303
12.35 -70.5833 0.000107144 0.0132294
12.375 -70.6026 0.000106227 0.0131294
12.4 -70.6216 0.000105332 0.0130303
12.425 -70.6405 0.00010446 0.0129321
12.45 -70.6592 0.000103609 0.0128348
12.475 -70.6777 0.000102779 0.0127384
12.5 -70.6959 0.00010197 0.0126429
12.525 -70.714 0.000101181 0.0125482
12.55 -70.7319 0.000100411 0.0124544
12.575 -70.7496 9.966e-05 0.0123615
12.6 -70.7672 9.89276e-05 0.0122693
12.625 -70.7845 9.82134e-05 0.0121781
12.65 -70.8016 9.75168e-05 0.0120876
12.675 -70.8186 9.68374e-05 0.0119979
12.7 -70.8354 9.61748e-05 0.0119091
12.725 -70.852 9.55286e-05 0.011821
12.75 -70.8684 9.48983e-05 0.0117337
12.775 -70.8846 9.42835e-05 0.0116472
12.8 -70.9006 9.3684e-05 0.0115615
12.825 -70.9165 9.30992e-05 0.0114765
12.85 -70.9322 9.25289e-05 0.0113923
12.875 -70.9477 9.19726e-05 0.0113088
12.9 -70.9631 9.14301e-05 0.0112261
12.925 -70.9783 9.0901e-05 0.0111441
12.95 -70.9933 9.0385e-05 0.0110628
12.975 -71.0081 8.98817e-05 0.0109822
13 -71.0228 8.93908e-05 0.0109024
13.025 -71.0373 8.8912e-05 0.0108232
13.05 -71.0516 8.84451e-05 0.0107447
13.075 -71.0658 8.79897e-05 0.0106669
13.1 -71.0798 8.75455e-05 0.0105898
13.125 -71.0937 8.71123e-05 0.0105133
13.15 -71.1074 8.66898e-05 0.0104375
13.175 -71.1209 8.62777e-05 0.0103624
13.2 -71.1343 8.58758e-05 0.0102879
13.225 -71.1476 8.54839e-05 0.010214
13.25 -71.1606 8.51016e-05 0.0101408
13.275 -71.1736 8.47287e-05 0.0100682
13.3 -71.1863 8.4365e-05 0.00999626
13.325 -71.1989 8.40104e-05 0.0099249
13.35 -71.2114 8.36645e-05 0.00985414
13.375 -71.2238 8.33271e-05 0.00978399
13.4 -71.2359 8.2998e-05 0.00971443
13.425 -71.248 8.26771e-05 0.00964546
13.45 -71.2599 8.23641e-05 0.00957708
13.475 -71.2716 8.20588e-05 0.00950926
13.5 -71.2832 8.17611e-05 0.00944202
13.525 -71.2947 8.14707e-05 0.00937534
13.55 -71.3061 8.11875e-05 0.00930922
13.575 -71.3173 8.09113e-05 0.00924365
13.6 -71.3283 8.06419e-05 0.00917863
13.625 -71.3393 8.03791e-05 0.00911415
13.65 -71.3501 8.01229e-05 0.0090502
13.675 -71.3607 7.98729e-05 0.00898678
13.7 -71.3713 7.96292e-05 0.00892389
13.725 -71.3817 7.93914e-05 0.00886151
13.75 -71.392 7.91596e-05 0.00879965
13.775 -71.4021 7.89334e-05 0.0087383
13.8 -71.4122 7.87128e-05 0.00867745
13.825 -71.4221 7.84977e-05 0.00861709
13.85 -71.4318 7.82879e-05 0.00855723
13.875 -71.4415 7.80833e-05 0.00849786
13.9 -71.4511 7.78837e-05 0.00843897
13.925 -71.4605 7.76891e-05 0.00838056
13.95 -71.4698 7.74992e-05 0.00832262
13.975 -71.479 7.73141e-05 0.00826515
14 -71.4881 7.71335e-05 0.00820814
14.025 -71.497 7.69573e-05 0.00815159
14.05 -71.5059 7.67856e-05 0.00809549
14.075 -71.5146 7.6618e-05 0.00803985
14.1 -71.5232 7.64546e-05 0.00798464
14.125 -71.5317 7.62953e-05 0.00792988
14.15 -71.5401 7.61398e-05 0.00787556
14.175 -71.5484 7.59882e-05 0.00782167
14.2 -71.5566 7.58404e-05 0.0077682
14.225 -71.5647 7.56962e-05 0.00771516
14.25 -71.5727 7.55556e-05 0.00766253
14.275 -71.5806 7.54184e-05 0.00761033
14.3 -71.5883 7.52846e-05 0.00755853
14.325 -71.596 7.51541e-05 0.00750714
14.35 -71.6036 7.50269e-05 0.00745615
14.375 -71.6111 7.49028e-05 0.00740556
14.4 -71.6184 7.47817e-05 0.00735536
14.425 -71.6257 7.46636e-05 0.00730556
14.45 -71.6329 7.45485e-05 0.00725615
14.475 -71.64 7.44362e-05 0.00720711
14.5 -71.647 7.43267e-05 0.00715846
14.525 -71.6539 7.42198e-05 0.00711018
14.55 -71.6607 7.41157e-05 0.00706228
14.575 -71.6674 7.4014e-05 0.00701474
14.6 -71.674 7.39149e-05 0.00696757
14.625 -71.6806 7.38183e-05 0.00692077
14.65 -71.687 7.3724e-05 0.00687432
14.675 -71.6934 7.36321e-05 0.00682822
14.7 -71.6996 7.35424e-05 0.00678248
14.725 -71.7058 7.34549e-05 0.00673708
14.75 -71.7119 7.33696e-05 0.00669204
14.775 -71.718 7.32864e-05 0.00664733
14.8 -71.7239 7.32053e-05 0.00660296
14.825 -71.7297 7.31261e-05 0.00655892
14.85 -71.7355 7.3049e-05 0.00651522
14.875 -71.7412 7.29737e-05 0.00647185
14.9 -71.7468 7.29003e-05 0.0064288
14.925 -71.7524 7.28286e-05 0.00638608
14.95 -71.7578 7.27588e-05 0.00634368
14.975 -71.7632 7.26907e-05 0.00630159
15 -71.7685 7.26243e-05 0.00625982
15.025 -71.7737 7.25595e-05 0.00621836
15.05 -71.7789 7.24963e-05 0.00617721
15.075 -71.784 7.24346e-05 0.00613636
15.1 -71.789 7.23745e-05 0.00609581
15.125 -71.7939 7.23159e-05 0.00605557
15.15 -71.7988 7.22587e-05 0.00601562
15.175 -71.8036 7.2203e-05 0.00597597
15.2 -71.8083 7.21486e-05 0.00593661
15.225 -71.813 7.20955e-05 0.00589754
15.25 -71.8176 7.20438e-05 0.00585876
15.275 -71.8221 7.19933e-05 0.00582026
15.3 -71.8265 7.19441e-05 0.00578204
15.325 -71.8309 7.18961e-05 0.0057441
15.35 -71.8353 7.18493e-05 0.00570644
15.375 -71.8395 7.18036e-05 0.00566905
15.4 -71.8437 7.17591e-05 0.00563193
15.425 -71.8478 7.17157e-05 0.00559508
15.45 -71.8519 7.16733e-05 0.0055585
15.475 -71.8559 7.1632e-05 0.00552218
15.5 -71.8599 7.15917e-05 0.00548613
15.525 -71.8638 7.15524e-05 0.00545034
15.55 -71.8676 7.15141e-05 0.0054148
15.575 -71.8714 7.14767e-05 0.00537952
15.6 -71.8751 7.14402e-05 0.00534449
15.625 -71.8787 7.14047e-05 0.00530971
15.65 -71.8823 7.137e-05 0.00527518
15.675 -71.8859 7.13362e-05 0.0052409
15.7 -71.8893 7.13032e-05 0.00520686
15.725 -71.8928 7.1271e-05 0.00517307
15.75 -71.8961 7.12396e-05 0.00513951
15.775 -71.8995 7.1209e-05 0.0051062
15.8 -71.9027 7.11792e-05 0.00507312
15.825 -71.9059 7.115e-05 0.00504027
15.85 -71.9091 7.11216e-05 0.00500766
15.875 -71.9122 7.1094e-05 0.00497528
15.9 -71.9153 7.10669e-05 0.00494312
15.925 -71.9183 7.10406e-05 0.00491119
15.95 -71.9213 7.10149e-05 0.00487949
15.975 -71.9242 7.09898e-05 0.00484801
16 -71.927 7.09654e-05 0.00481675
16.025 -71.9298 7.09416e-05 0.00478571
16.05 -71.9326 7.09183e-05 0.00475488
16.075 -71.9353 7.08957e-05 0.00472427
16.1 -71.938 7.08735e-05 0.00469388
16.125 -71.9406 7.0852e-05 0.00466369
16.15 -71.9432 7.08309e-05 0.00463372
16.175 -71.9458 7.08104e-05 0.00460395
16.2 -71.9482 7.07904e-05 0.00457439
16.225 -71.9507 7.07709e-05 0.00454504
16.25 -71.9531 7.07519e-05 0.00451589
16.275 -71.9555 7.07333e-05 0.00448694
16.3 -71.9578 7.07152e-05 0.00445819
16.325 -71.9601 7.06975e-05 0.00442964
16.35 -71.9623 7.06803e-05 0.00440128
16.375 -71.9645 7.06635e-05 0.00437312
16.4 -71.9667 7.06471e-05 0.00434516
16.425 -71.9688 7.06312e-05 0.00431738
16.45 -71.9709 7.06156e-05 0.0042898
16.475 -71.9729 7.06004e-05 0.00426241
16.5 -71.9749 7.05856e-05 0.0042352
16.525 -71.9769 7.05711e-05 0.00420818
16.55 -71.9788 7.0557e-05 0.00418134
16.575 -71.9807 7.05432e-05 0.00415468
16.6 -71.9825 7.05298e-05 0.00412821
16.625 -71.9843 7.05167e-05 0.00410192
16.65 -71.9861 7.0504e-05 0.0040758
16.675 -71.9879 7.04915e-05 0.00404987
16.7 -71.9896 7.04794e-05 0.00402411
16.725 -71.9912 7.04676e-05 0.00399852
16.75 -71.9929 7.0456e-05 0.00397311
16.775 -71.9945 7.04448e-05 0.00394786
16.8 -71.9961 7.04338e-05 0.00392279
16.825 -71.9976 7.04231e-05 0.00389789
16.85 -71.9991 7.04126e-05 0.00387316
16.875 -72.0006 7.04024e-05 0.00384859
16.9 -72.002 7.03925e-05 0.00382419
16.925 -72.0034 7.03828e-05 0.00379995
16.95 -72.0048 7.03734e-05 0.00377587
16.975 -72.0062 7.03641e-05 0.00375195
17 -72.0075 7.03552e-05 0.0037282
17.025 -72.0088 7.03464e-05 0.0037046
17.05 -72.01 7.03378e-05 0.00368117
17.075 -72.0113 7.03295e-05 0.00365788
17.1 -72.0125 7.03214e-05 0.00363476
17.125 -72.0136 7.03134e-05 0.00361178
17.15 -72.0148 7.03057e-05 0.00358897
17.175 -72.0159 7.02981e-05 0.0035663
17.2 -72.017 7.02908e-05 0.00354378
17.225 -72.018 7.02836e-05 0.00352141
17.25 -72.0191 7.02766e-05 0.0034992
17.275 -72.0201 7.02698e-05 0.00347712
17.3 -72.0211 7.02631e-05 0.0034552
17.325 -72.022 7.02566e-05 0.00343342
17.35 -72.0229 7.02503e-05 0.00341178
17.375 -72.0238 7.02441e-05 0.00339029
17.4 -72.0247 7.02381e-05 0.00336894
17.425 -72.0256 7.02322e-05 0.00334773
17.45 -72.0264 7.02265e-05 0.00332666
17.475 -72.0272 7.02209e-05 0.00330573
17.5 -72.028 7.02154e-05 0.00328493
17.525 -72.0287 7.02101e-05 0.00326427
17.55 -72.0295 7.02049e-05 0.00324375
17.575 -72.0302 7.01998e-05 0.00322337
17.6 -72.0309 7.01949e-05 0.00320311
17.625 -72.0315 7.01901e-05 0.00318299
17.65 -72.0322 7.01854e-05 0.003163
17.675 -72.0328 7.01808e-05 0.00314315
17.7 -72.0334 7.01764e-05 0.00312342
17.725 -72.034 7.0172e-05 0.00310382
17.75 -72.0345 7.01678e-05 0.00308435
17.775 -72.0351 7.01636e-05 0.003065
17.8 -72.0356 7.01596e-05 0.00304579
17.825 -72.0361 7.01556e-05 0.00302669
17.85 -72.0366 7.01518e-05 0.00300773
17.875 -72.037 7.01481e-05 0.00298888
17.9 -72.0375 7.01444e-05 0.00297016
17.925 -72.0379 7.01408e-05 0.00295156
17.95 -72.0383 7.01374e-05 0.00293308
17.975 -72.0386 7.0134e-05 0.00291472
18 -72.039 7.01307e-05 0.00289648
18.025 -72.0393 7.01274e-05 0.00287836
18.05 -72.0397 7.01243e-05 0.00286035
18.075 -72.04 7.01212e-05 0.00284247
18.1 -72.0403 7.01182e-05 0.00282469
18.125 -72.0405 7.01153e-05 0.00280704
18.15 -72.0408 7.01125e-05 0.00278949
18.175 -72.041 7.01097e-05 0.00277206
18.2 -72.0412 7.0107e-05 0.00275474
18.225 -72.0414 7.01043e-05 0.00273754
18.25 -72.0416 7.01018e-05 0.00272044
18.275 -72.0418 7.00992e-05 0.00270346
18.3 -72.0419 7.00968e-05 0.00268658
18.325 -72.0421 7.00944e-05 0.00266982
18.35 -72.0422 7.00921e-05 0.00265316
18.375 -72.0423 7.00898e-05 0.00263661
18.4 -72.0424 7.00876e-05 0.00262016
18.425 -72.0425 7.00854e-05 0.00260382
18.45 -72.0425 7.00833e-05 0.00258759
18.475 -72.0426 7.00813e-05 0.00257146
18.5 -72.0426 7.00792e-05 0.00255543
18.525 -72.0426 7.00773e-05 0.0025395
18.55 -72.0426 7.00754e-05 0.00252368
18.575 -72.0426 7.00735e-05 0.00250796
18.6 -72.0426 7.00717e-05 0.00249234
18.625 -72.0425 7.00699e-05 0.00247682
18.65 -72.0425 7.00682e-05 0.0024614
18.675 -72.0424 7.00665e-05 0.00244607
18.7 -72.0423 7.00649e-05 0.00243085
18.725 -72.0422 7.00633e-05 0.00241572
18.75 -72.0421 7.00617e-05 0.00240069
18.775 -72.042 7.00602e-05 0.00238575
18.8 -72.0419 7.00587e-05 0.00237091
18.825 -72.0417 7.00573e-05 0.00235617
18.85 -72.0416 7.00558e-05 0.00234152
18.875 -72.0414 7.00545e-05 0.00232696
18.9 -72.0412 7.00531e-05 0.00231249
18.925 -72.041 7.00518e-05 0.00229812
18.95 -72.0408 7.00505e-05 0.00228384
18.975 -72.0406 7.00493e-05 0.00226965
19 -72.0404 7.00481e-05 0.00225554
19.025 -72.0401 7.00469e-05 0.00224153
19.05 -72.0399 7.00457e-05 0.00222761
19.075 -72.0396 7.00446e-05 0.00221377
19.1 -72.0393 7.00435e-05 0.00220003
19.125 -72.0391 7.00424e-05 0.00218637
19.15 -72.0388 7.00414e-05 0.00217279
19.175 -72.0385 7.00403e-05 0.00215931
19.2 -72.0382 7.00394e-05 0.00214591
19.225 -72.0378 7.00384e-05 0.00213259
19.25 -72.0375 7.00374e-05 0.00211936
19.275 -72.0372 7.00365e-05 0.00210621
19.3 -72.0368 7.00356e-05 0.00209314
19.325 -72.0364 7.00347e-05 0.00208016
19.35 -72.0361 7.00339e-05 0.00206726
19.375 -72.0357 7.0033e-05 0.00205444
19.4 -72.0353 7.00322e-05 0.0020417
19.425 -72.0349 7.00314e-05 0.00202904
19.45 -72.0345 7.00306e-05 0.00201646
19.475 -72.0341 7.00299e-05 0.00200396
19.5 -72.0337 7.00292e-05 0.00199154
19.525 -72.0332 7.00284e-05 0.0019792
19.55 -72.0328 7.00277e-05 0.00196694
19.575 -72.0323 7.0027e-05 0.00195475
19.6 -72.0319 7.00264e-05 0.00194264
19.625 -72.0314 7.00257e-05 0.0019306
19.65 -72.0309 7.00251e-05 0.00191865
19.675 -72.0304 7.00245e-05 0.00190676
19.7 -72.0299 7.00239e-05 0.00189496
19.725 -72.0294 7.00233e-05 0.00188322
19.75 -72.0289 7.00227e-05 0.00187156
19.775 -72.0284 7.00221e-05 0.00185997
19.8 -72.0279 7.00216e-05 0.00184846
19.825 -72.0274 7.00211e-05 0.00183702
19.85 -72.0268 7.00205e-05 0.00182565
19.875 -72.0263 7.002e-05 0.00181435
19.9 -72.0257 7.00195e-05 0.00180312
19.925 -72.0252 7.00191e-05 0.00179197
19.95 -72.0246 7.00186e-05 0.00178088
19.975 -72.024 7.00181e-05 0.00176986
20 -72.0235 7.00177e-05 0.00175891
20.025 -72.0229 7.00172e-05 0.00174803
20.05 -72.0223 7.00168e-05 0.00173722
20.075 -72.0217 7.00164e-05 0.00172648
20.1 -72.0211 7.0016e-05 0.0017158
20.125 -72.0205 7.00156e-05 0.00170519
20.15 -72.0198 7.00152e-05 0.00169465
20.175 -72.0192 7.00148e-05 0.00168417
20.2 -72.0186 7.00145e-05 0.00167376
20.225 -72.018 7.00141e-05 0.00166341
20.25 -72.0173 7.00138e-05 0.00165313
20.275 -72.0167 7.00134e-05 0.00164291
20.3 -72.016 7.00131e-05 0.00163276
20.325 -72.0154 7.00128e-05 0.00162266
20.35 -72.0147 7.00125e-05 0.00161264
20.375 -72.014 7.00122e-05 0.00160267
20.4 -72.0133 7.00119e-05 0.00159277
20.425 -72.0127 7.00116e-05 0.00158293
20.45 -72.012 7.00113e-05 0.00157315
20.475 -72.0113 7.0011e-05 0.00156343
20.5 -72.0106 7.00107e-05 0.00155377
20.525 -72.0099 7.00105e-05 0.00154418
20.55 -72.0092 7.00102e-05 0.00153464
20.575 -72.0085 7.001e-05 0.00152516
20.6 -72.0078 7.00097e-05 0.00151574
20.625 -72.007 7.00095e-05 0.00150638
20.65 -72.0063 7.00092e-05 0.00149708
20.675 -72.0056 7.0009e-05 0.00148784
20.7 -72.0048 7.00088e-05 0.00147865
20.725 -72.0041 7.00086e-05 0.00146952
20.75 -72.0034 7.00084e-05 0.00146045
20.775 -72.0026 7.00081e-05 0.00145143
20.8 -72.0019 7.00079e-05 0.00144247
20.825 -72.0011 7.00077e-05 0.00143357
20.85 -72.0003 7.00076e-05 0.00142472
20.875 -71.9996 7.00074e-05 0.00141593
20.9 -71.9988 7.00072e-05 0.00140719
20.925 -71.998 7.0007e-05 0.0013985
20.95 -71.9972 7.00068e-05 0.00138987
20.975 -71.9965 7.00067e-05 0.0013813
21 -71.9957 7.00065e-05 0.00137277
21.025 -71.9949 7.00063e-05 0.0013643
21.05 -71.9941 7.00062e-05 0.00135589
21.075 -71.9933 7.0006e-05 0.00134752
21.1 -71.9925 7.00059e-05 0.00133921
21.125 -71.9917 7.00057e-05 0.00133095
21.15 -71.9909 7.00056e-05 0.00132274
21.175 -71.9901 7.00055e-05 0.00131458
21.2 -71.9893 7.00053e-05 0.00130647
21.225 -71.9884 7.00052e-05 0.00129841
21.25 -71.9876 7.00051e-05 0.0012904
21.275 -71.9868 7.00049e-05 0.00128244
21.3 -71.986 7.00048e-05 0.00127453
21.325 -71.9851 7.00047e-05 0.00126667
21.35 -71.9843 7.00046e-05 0.00125886
21.375 -71.9835 7.00045e-05 0.0012511
21.4 -71.9826 7.00044e-05 0.00124338
21.425 -71.9818 7.00043e-05 0.00123572
21.45 -71.9809 7.00041e-05 0.0012281
21.475 -71.9801 7.0004e-05 0.00122053
21.5 -71.9792 7.00039e-05 0.001213
21.525 -71.9784 7.00038e-05 0.00120552
21.55 -71.9775 7.00038e-05 0.00119809
21.575 -71.9767 7.00037e-05 0.0011907
21.6 -71.9758 7.00036e-05 0.00118336
21.625 -71.9749 7.00035e-05 0.00117607
21.65 -71.9741 7.00034e-05 0.00116882
21.675 -71.9732 7.00033e-05 0.00116162
21.7 -71.9723 7.00032e-05 0.00115446
21.725 -71.9714 7.00032e-05 0.00114734
21.75 -71.9706 7.00031e-05 0.00114027
21.775 -71.9697 7.0003e-05 0.00113324
21.8 -71.9688 7.00029e-05 0.00112626
21.825 -71.9679 7.00029e-05 0.00111932
21.85 -71.967 7.00028e-05 0.00111242
21.875 -71.9661 7.00027e-05 0.00110556
21.9 -71.9652 7.00026e-05 0.00109875
21.925 -71.9643 7.00026e-05 0.00109198
21.95 -71.9634 7.00025e-05 0.00108525
21.975 -71.9625 7.00025e-05 0.00107856
22 -71.9616 7.00024e-05 0.00107192
22.025 -71.9607 7.00023e-05 0.00106531
22.05 -71.9598 7.00023e-05 0.00105875
22.075 -71.9589 7.00022e-05 0.00105223
22.1 -71.958 7.00022e-05 0.00104574
22.125 -71.9571 7.00021e-05 0.0010393
22.15 -71.9562 7.00021e-05 0.0010329
22.175 -71.9553 7.0002e-05 0.00102653
22.2 -71.9543 7.0002e-05 0.00102021
22.225 -71.9534 7.00019e-05 0.00101392
22.25 -71.9525 7.00019e-05 0.00100768
22.275 -71.9516 7.00018e-05 0.00100147
22.3 -71.9506 7.00018e-05 0.000995302
22.325 -71.9497 7.00017e-05 0.000989171
22.35 -71.9488 7.00017e-05 0.000983078
22.375 -71.9479 7.00016e-05 0.000977022
22.4 -71.9469 7.00016e-05 0.000971004
22.425 -71.946 7.00016e-05 0.000965024
22.45 -71.9451 7.00015e-05 0.00095908
22.475 -71.9441 7.00015e-05 0.000953173
22.5 -71.9432 7.00015e-05 0.000947302
22.525 -71.9422 7.00014e-05 0.000941468
22.55 -71.9413 7.00014e-05 0.000935669
22.575 -71.9404 7.00013e-05 0.000929907
22.6 -71.9394 7.00013e-05 0.00092418
22.625 -71.9385 7.00013e-05 0.000918488
22.65 -71.9375 7.00012e-05 0.000912832
22.675 -71.9366 7.00012e-05 0.00090721
22.7 -71.9356 7.00012e-05 0.000901623
22.725 -71.9347 7.00012e-05 0.000896071
22.75 -71.9337 7.00011e-05 0.000890553
22.775 -71.9328 7.00011e-05 0.000885069
22.8 -71.9318 7.00011e-05 0.000879619
22.825 -71.9308 7.0001e-05 0.000874203
22.85 -71.9299 7.0001e-05 0.00086882
22.875 -71.9289 7.0001e-05 0.00086347
22.9 -71.928 7.0001e-05 0.000858153
22.925 -71.927 7.00009e-05 0.000852869
22.95 -71.926 7.00009e-05 0.000847617
22.975 -71.9251 7.00009e-05 0.000842398
23 -71.9241 7.00009e-05 0.000837212
23.025 -71.9231 7.00009e-05 0.000832057
23.05 -71.9222 7.00008e-05 0.000826934
23.075 -71.9212 7.00008e-05 0.000821842
23.1 -71.9202 7.00008e-05 0.000816782
23.125 -71.9193 7.00008e-05 0.000811754
23.15 -71.9183 7.00008e-05 0.000806756
23.175 -71.9173 7.00007e-05 0.000801789
23.2 -71.9164 7.00007e-05 0.000796853
23.225 -71.9154 7.00007e-05 0.000791947
23.25 -71.9144 7.00007e-05 0.000787071
23.275 -71.9134 7.00007e-05 0.000782226
23.3 -71.9125 7.00007e-05 0.00077741
23.325 -71.9115 7.00006e-05 0.000772624
23.35 -71.9105 7.00006e-05 0.000767867
23.375 -71.9095 7.00006e-05 0.00076314
23.4 -71.9085 7.00006e-05 0.000758442
23.425 -71.9076 7.00006e-05 0.000753773
23.45 -71.9066 7.00006e-05 0.000749133
23.475 -71.9056 7.00005e-05 0.000744521
23.5 -71.9046 7.00005e-05 0.000739938
23.525 -71.9036 7.00005e-05 0.000735383
23.55 -71.9027 7.00005e-05 0.000730856
23.575 -71.9017 7.00005e-05 0.000726357
23.6 -71.9007 7.00005e-05 0.000721886
23.625 -71.8997 7.00005e-05 0.000717442
23.65 -71.8987 7.00005e-05 0.000713026
23.675 -71.8977 7.00004e-05 0.000708637
23.7 -71.8967 7.00004e-05 0.000704275
23.725 -71.8958 7.00004e-05 0.000699939
23.75 -71.8948 7.00004e-05 0.000695631
23.775 -71.8938 7.00004e-05 0.000691349
23.8 -71.8928 7.00004e-05 0.000687093
23.825 -71.8918 7.00004e-05 0.000682864
23.85 -71.8908 7.00004e-05 0.000678661
23.875 -71.8898 7.00004e-05 0.000674483
23.9 -71.8888 7.00004e-05 0.000670332
23.925 -71.8878 7.00003e-05 0.000666206
23.95 -71.8868 7.00003e-05 0.000662105
23.975 -71.8858 7.00003e-05 0.000658029
24 -71.8848 7.00003e-05 0.000653979
24.025 -71.8839 7.00003e-05 0.000649954
24.05 -71.8829 7.00003e-05 0.000645953
24.075 -71.8819 7.00003e-05 0.000641977
24.1 -71.8809 7.00003e-05 0.000638026
24.125 -71.8799 7.00003e-05 0.000634099
24.15 -71.8789 7.00003e-05 0.000630196
24.175 -71.8779 7.00003e-05 0.000626317
24.2 -71.8769 7.00003e-05 0.000622462
24.225 -71.8759 7.00003e-05 0.000618631
24.25 -71.8749 7.00003e-05 0.000614823
24.275 -71.8739 7.00002e-05 0.000611039
24.3 -71.8729 7.00002e-05 0.000607278
24.325 -71.8719 7.00002e-05 0.00060354
24.35 -71.8709 7.00002e-05 0.000599825
24.375 -71.8699 7.00002e-05 0.000596134
24.4 -71.8689 7.00002e-05 0.000592464
24.425 -71.8679 7.00002e-05 0.000588818
24.45 -71.8669 7.00002e-05 0.000585194
24.475 -71.8659 7.00002e-05 0.000581592
24.5 -71.8649 7.00002e-05 0.000578012
24.525 -71.8639 7.00002e-05 0.000574455
24.55 -71.8629 7.00002e-05 0.000570919
24.575 -71.8619 7.00002e-05 0.000567405
24.6 -71.8609 7.00002e-05 0.000563913
24.625 -71.8599 7.00002e-05 0.000560442
24.65 -71.8589 7.00002e-05 0.000556993
24.675 -71.8579 7.00002e-05 0.000553565
24.7 -71.8569 7.00002e-05 0.000550158
24.725 -71.8559 7.00002e-05 0.000546772
24.75 -71.8549 7.00002e-05 0.000543406
24.775 -71.8539 7.00001e-05 0.000540062
24.8 -71.8529 7.00001e-05 0.000536738
24.825 -71.8519 7.00001e-05 0.000533434
24.85 -71.8509 7.00001e-05 0.000530151
24.875 -71.8499 7.00001e-05 0.000526888
24.9 -71.8489 7.00001e-05 0.000523645
24.925 -71.8479 7.00001e-05 0.000520422
24.95 -71.8469 7.00001e-05 0.000517219
24.975 -71.8459 7.00001e-05 0.000514036
25 -71.8449 7.00001e-05 0.000510872
25.025 -71.8439 7.00001e-05 0.000507728
25.05 -71.8429 7.00001e-05 0.000504603
25.075 -71.8419 7.00001e-05 0.000501497
25.1 -71.8409 7.00001e-05 0.000498411
25.125 -71.8398 7.00001e-05 0.000495343
25.15 -71.8388 7.00001e-05 0.000492294
25.175 -71.8378 7.00001e-05 0.000489264
25.2 -71.8368 7.00001e-05 0.000486253
25.225 -71.8358 7.00001e-05 0.00048326
25.25 -71.8348 7.00001e-05 0.000480286
25.275 -71.8338 7.00001e-05 0.00047733
25.3 -71.8328 7.00001e-05 0.000474392
25.325 -71.8318 7.00001e-05 0.000471472
25.35 -71.8308 7.00001e-05 0.00046857
25.375 -71.8298 7.00001e-05 0.000465686
25.4 -71.8288 7.00001e-05 0.00046282
25.425 -71.8278 7.00001e-05 0.000459972
25.45 -71.8268 7.00001e-05 0.00045714
25.475 -71.8258 7.00001e-05 0.000454327
25.5 -71.8248 7.00001e-05 0.00045153
25.525 -71.8238 7.00001e-05 0.000448751
25.55 -71.8228 7.00001e-05 0.000445989
25.575 -71.8218 7.00001e-05 0.000443244
25.6 -71.8208 7.00001e-05 0.000440516
25.625 -71.8198 7.00001e-05 0.000437805
25.65 -71.8188 7.00001e-05 0.00043511
25.675 -71.8178 7.00001e-05 0.000432432
25.7 -71.8168 7.00001e-05 0.00042977
25.725 -71.8158 7.00001e-05 0.000427125
25.75 -71.8148 7.00001e-05 0.000424496
25.775 -71.8138 7.00001e-05 0.000421883
25.8 -71.8128 7.00001e-05 0.000419287
25.825 -71.8118 7.00001e-05 0.000416706
25.85 -71.8108 7.00001e-05 0.000414141
25.875 -71.8098 7e-05 0.000411592
25.9 -71.8088 7e-05 0.000409059
25.925 -71.8078 7e-05 0.000406541
25.95 -71.8068 7e-05 0.000404038
25.975 -71.8058 7e-05 0.000401551
26 -71.8048 7e-05 0.00039908
26.025 -71.8038 7e-05 0.000396623
26.05 -71.8028 7e-05 0.000394182
26.075 -71.8018 7e-05 0.000391756
26.1 -71.8008 7e-05 0.000389344
26.125 -71.7998 7e-05 0.000386948
26.15 -71.7988 7e-05 0.000384566
26.175 -71.7978 7e-05 0.000382199
26.2 -71.7968 7e-05 0.000379846
26.225 -71.7958 7e-05 0.000377508
26.25 -71.7948 7e-05 0.000375185
26.275 -71.7938 7e-05 0.000372875
26.3 -71.7928 7e-05 0.00037058
26.325 -71.7918 7e-05 0.000368299
26.35 -71.7908 7e-05 0.000366032
26.375 -71.7898 7e-05 0.000363779
26.4 -71.7888 7e-05 0.000361539
26.425 -71.7878 7e-05 0.000359314
26.45 -71.7868 7e-05 0.000357102
26.475 -71.7858 7e-05 0.000354904
26.5 -71.7848 7e-05 0.000352719
26.525 -71.7838 7e-05 0.000350548
26.55 -71.7828 7e-05 0.00034839
26.575 -71.7819 7e-05 0.000346245
26.6 -71.7809 7e-05 0.000344114
26.625 -71.7799 7e-05 0.000341996
26.65 -71.7789 7e-05 0.000339891
26.675 -71.7779 7e-05 0.000337798
26.7 -71.7769 7e-05 0.000335719
26.725 -71.7759 7e-05 0.000333652
26.75 -71.7749 7e-05 0.000331598
26.775 -71.7739 7e-05 0.000329557
26.8 -71.7729 7e-05 0.000327528
26.825 -71.7719 7e-05 0.000325512
26.85 -71.7709 7e-05 0.000323508
26.875 -71.7699 7e-05 0.000321517
26.9 -71.7689 7e-05 0.000319537
26.925 -71.768 7e-05 0.00031757
26.95 -71.767 7e-05 0.000315615
26.975 -71.766 7e-05 0.000313672
27 -71.765 7e-05 0.000311741
27.025 -71.764 7e-05 0.000309822
27.05 -71.763 7e-05 0.000307915
27.075 -71.762 7e-05 0.000306019
27.1 -71.761 7e-05 0.000304135
27.125 -71.76 7e-05 0.000302263
27.15 -71.7591 7e-05 0.000300402
27.175 -71.7581 7e-05 0.000298552
27.2 -71.7571 7e-05 0.000296714
27.225 -71.7561 7e-05 0.000294888
27.25 -71.7551 7e-05 0.000293072
27.275 -71.7541 7e-05 0.000291268
27.3 -71.7531 7e-05 0.000289475
27.325 -71.7522 7e-05 0.000287693
27.35 -71.7512 7e-05 0.000285921
27.375 -71.7502 7e-05 0.000284161
27.4 -71.7492 7e-05 0.000282412
27.425 -71.7482 7e-05 0.000280673
27.45 -71.7472 7e-05 0.000278945
27.475 -71.7462 7e-05 0.000277227
27.5 -71.7453 7e-05 0.000275521
27.525 -71.7443 7e-05 0.000273824
27.55 -71.7433 7e-05 0.000272138
27.575 -71.7423 7e-05 0.000270463
27.6 -71.7413 7e-05 0.000268798
27.625 -71.7404 7e-05 0.000267143
27.65 -71.7394 7e-05 0.000265498
27.675 -71.7384 7e-05 0.000263863
27.7 -71.7374 7e-05 0.000262238
27.725 -71.7364 7e-05 0.000260624
27.75 -71.7355 7e-05 0.000259019
27.775 -71.7345 7e-05 0.000257424
27.8 -71.7335 7e-05 0.000255839
27.825 -71.7325 7e-05 0.000254264
27.85 -71.7315 7e-05 0.000252698
27.875 -71.7306 7e-05 0.000251143
27.9 -71.7296 7e-05 0.000249596
27.925 -71.7286 7e-05 0.000248059
27.95 -71.7276 7e-05 0.000246532
27.975 -71.7267 7e-05 0.000245014
28 -71.7257 7e-05 0.000243505
28.025 -71.7247 7e-05 0.000242006
28.05 -71.7237 7e-05 0.000240516
28.075 -71.7228 7e-05 0.000239035
28.1 -71.7218 7e-05 0.000237563
28.125 -71.7208 7e-05 0.0002361
28.15 -71.7198 7e-05 0.000234646
28.175 -71.7189 7e-05 0.000233201
28.2 -71.7179 7e-05 0.000231765
28.225 -71.7169 7e-05 0.000230338
28.25 -71.716 7e-05 0.00022892
28.275 -71.715 7e-05 0.00022751
28.3 -71.714 7e-05 0.000226109
28.325 -71.713 7e-05 0.000224717
28.35 -71.7121 7e-05 0.000223333
28.375 -71.7111 7e-05 0.000221958
28.4 -71.7101 7e-05 0.000220591
28.425 -71.7092 7e-05 0.000219232
28.45 -71.7082 7e-05 0.000217882
28.475 -71.7072 7e-05 0.000216541
28.5 -71.7063 7e-05 0.000215207
28.525 -71.7053 7e-05 0.000213882
28.55 -71.7043 7e-05 0.000212565
28.575 -71.7034 7e-05 0.000211256
28.6 -71.7024 7e-05 0.000209955
28.625 -71.7014 7e-05 0.000208662
28.65 -71.7005 7e-05 0.000207377
28.675 -71.6995 7e-05 0.000206099
28.7 -71.6985 7e-05 0.00020483
28.725 -71.6976 7e-05 0.000203569
28.75 -71.6966 7e-05 0.000202315
28.775 -71.6956 7e-05 0.000201069
28.8 -71.6947 7e-05 0.000199831
28.825 -71.6937 7e-05 0.0001986
28.85 -71.6928 7e-05 0.000197377
28.875 -71.6918 7e-05 0.000196161
28.9 -71.6908 7e-05 0.000194953
28.925 -71.6899 7e-05 0.000193753
28.95 -71.6889 7e-05 0.000192559
28.975 -71.688 7e-05 0.000191373
29 -71.687 7e-05 0.000190195
29.025 -71.686 7e-05 0.000189023
29.05 -71.6851 7e-05 0.000187859
29.075 -71.6841 7e-05 0.000186702
29.1 -71.6832 7e-05 0.000185552
29.125 -71.6822 7e-05 0.000184409
29.15 -71.6813 7e-05 0.000183273
29.175 -71.6803 7e-05 0.000182145
29.2 -71.6794 7e-05 0.000181023
29.225 -71.6784 7e-05 0.000179908
29.25 -71.6774 7e-05 0.0001788
29.275 -71.6765 7e-05 0.000177698
29.3 -71.6755 7e-05 0.000176604
29.325 -71.6746 7e-05 0.000175516
29.35 -71.6736 7e-05 0.000174435
29.375 -71.6727 7e-05 0.000173361
29.4 -71.6717 7e-05 0.000172293
29.425 -71.6708 7e-05 0.000171231
29.45 -71.6698 7e-05 0.000170177
29.475 -71.6689 7e-05 0.000169129
29.5 -71.6679 7e-05 0.000168087
29.525 -71.667 7e-05 0.000167051
29.55 -71.666 7e-05 0.000166022
29.575 -71.6651 7e-05 0.000165
29.6 -71.6641 7e-05 0.000163983
29.625 -71.6632 7e-05 0.000162973
29.65 -71.6622 7e-05 0.000161969
29.675 -71.6613 7e-05 0.000160972
29.7 -71.6603 7e-05 0.00015998
29.725 -71.6594 7e-05 0.000158995
29.75 -71.6585 7e-05 0.000158015
29.775 -71.6575 7e-05 0.000157042
29.8 -71.6566 7e-05 0.000156074
29.825 -71.6556 7e-05 0.000155113
29.85 -71.6547 7e-05 0.000154157
29.875 -71.6537 7e-05 0.000153208
29.9 -71.6528 7e-05 0.000152264
29.925 -71.6518 7e-05 0.000151326
29.95 -71.6509 7e-05 0.000150394
29.975 -71.65 7e-05 0.000149467
