0 -70 7e-05 3.8279e-06
0.025 -70.0001 7e-05 3.82789e-06
0.05 -70.0001 7e-05 3.82788e-06
0.075 -70.0001 7e-05 3.82787e-06
0.1 -70.0002 7e-05 3.82786e-06
0.125 -70.0002 7e-05 3.82785e-06
0.15 -70.0002 7e-05 3.82784e-06
0.175 -70.0002 7e-05 3.82784e-06
0.2 -70.0002 7e-05 3.82783e-06
0.225 -70.0003 7e-05 3.82783e-06
0.25 -70.0003 7e-05 3.82782e-06
0.275 -70.0003 7e-05 3.82781e-06
0.3 -70.0003 7e-05 3.82781e-06
0.325 -70.0003 7e-05 3.8278e-06
0.35 -70.0003 7e-05 3.8278e-06
0.375 -70.0004 7e-05 3.82779e-06
0.4 -70.0004 7e-05 3.82779e-06
0.425 -70.0004 7e-05 3.82778e-06
0.45 -70.0004 7e-05 3.82778e-06
0.475 -70.0004 7e-05 3.82777e-06
0.5 -70.0004 7e-05 3.82777e-06
0.525 -70.0004 7e-05 3.82776e-06
0.55 -70.0004 7e-05 3.82776e-06
0.575 -70.0005 7e-05 3.82775e-06
0.6 -70.0005 7e-05 3.82775e-06
0.625 -70.0005 7e-05 3.82774e-06
0.65 -70.0005 7e-05 3.82774e-06
0.675 -70.0005 7e-05 3.82774e-06
0.7 -70.0005 7e-05 3.82773e-06
0.725 -70.0005 7e-05 3.82773e-06
0.75 -70.0005 7e-05 3.82772e-06
0.775 -70.0005 7e-05 3.82772e-06
0.8 -70.0005 7e-05 3.82771e-06
0.825 -70.0005 7e-05 3.82771e-06
0.85 -70.0006 7e-05 3.8277e-06
0.875 -70.0006 7e-05 3.8277e-06
0.9 -70.0006 7e-05 3.8277e-06
0.925 -70.0006 7e-05 3.82769e-06
0.95 -70.0006 7e-05 3.82769e-06
0.975 -70.0006 7e-05 3.82768e-06
1 -70.0006 7e-05 3.82768e-06
1.025 -70.0006 7e-05 3.82768e-06
1.05 -70.0006 7e-05 3.82767e-06
1.075 -70.0006 7e-05 3.82767e-06
1.1 -70.0006 7e-05 3.82766e-06
1.125 -70.0006 7e-05 3.82766e-06
1.15 -70.0006 7e-05 3.82766e-06
1.175 -70.0007 7e-05 3.82765e-06
1.2 -70.0007 7e-05 3.82765e-06
1.225 -70.0007 7e-05 3.82765e-06
1.25 -70.0007 7e-05 3.82764e-06
1.275 -70.0007 7e-05 3.82764e-06
1.3 -70.0007 7e-05 3.82763e-06
1.325 -70.0007 7e-05 3.82763e-06
1.35 -70.0007 7e-05 3.82763e-06
1.375 -70.0007 7e-05 3.82762e-06
1.4 -70.0007 7e-05 3.82762e-06
1.425 -70.0007 7e-05 3.82762e-06
1.45 -70.0007 7e-05 3.82761e-06
1.475 -70.0007 7e-05 3.82761e-06
1.5 -70.0007 7e-05 3.82761e-06
1.525 -70.0007 7e-05 3.8276e-06
1.55 -70.0008 7e-05 3.8276e-06
1.575 -70.0008 7e-05 3.8276e-06
1.6 -70.0008 7e-05 3.82759e-06
1.625 -70.0008 7e-05 3.82759e-06
1.65 -70.0008 7e-05 3.82759e-06
1.675 -70.0008 7e-05 3.82758e-06
1.7 -70.0008 7e-05 3.82758e-06
1.725 -70.0008 7e-05 3.82758e-06
1.75 -70.0008 7e-05 3.82757e-06
1.775 -70.0008 7e-05 3.82757e-06
1.8 -70.0008 7e-05 3.82757e-06
1.825 -70.0008 7e-05 3.82756e-06
1.85 -70.0008 7e-05 3.82756e-06
1.875 -70.0008 7e-05 3.82756e-06
1.9 -70.0008 7e-05 3.82755e-06
1.925 -70.0008 7e-05 3.82755e-06
1.95 -70.0008 7e-05 3.82755e-06
1.975 -70.0008 7e-05 3.82754e-06
2 -70.0009 7e-05 3.82754e-06
2.025 -70.0009 7e-05 3.82754e-06
2.05 -70.0009 7e-05 3.82754e-06
2.075 -70.0009 7e-05 3.82753e-06
2.1 -70.0009 7e-05 3.82753e-06
2.125 -70.0009 7e-05 3.82753e-06
2.15 -70.0009 7e-05 3.82752e-06
2.175 -70.0009 7e-05 3.82752e-06
2.2 -70.0009 7e-05 3.82752e-06
2.225 -70.0009 7e-05 3.82752e-06
2.25 -70.0009 7e-05 3.82751e-06
2.275 -70.0009 7e-05 3.82751e-06
2.3 -70.0009 7e-05 3.82751e-06
2.325 -70.0009 7e-05 3.8275e-06
2.35 -70.0009 7e-05 3.8275e-06
2.375 -70.0009 7e-05 3.8275e-06
2.4 -70.0009 7e-05 3.8275e-06
2.425 -70.0009 7e-05 3.82749e-06
2.45 -70.0009 7e-05 3.82749e-06
2.475 -70.0009 7e-05 3.82749e-06
2.5 -70.0009 7e-05 3.82749e-06
2.525 -70.001 7e-05 3.82748e-06
2.55 -70.001 7e-05 3.82748e-06
2.575 -70.001 7e-05 3.82748e-06
2.6 -70.001 7e-05 3.82747e-06
2.625 -70.001 7e-05 3.82747e-06
2.65 -70.001 7e-05 3.82747e-06
2.675 -70.001 7e-05 3.82747e-06
2.7 -70.001 7e-05 3.82746e-06
2.725 -70.001 7e-05 3.82746e-06
2.75 -70.001 7e-05 3.82746e-06
2.775 -70.001 7e-05 3.82746e-06
2.8 -70.001 7e-05 3.82745e-06
2.825 -70.001 7e-05 3.82745e-06
2.85 -70.001 7e-05 3.82745e-06
2.875 -70.001 7e-05 3.82745e-06
2.9 -70.001 7e-05 3.82744e-06
2.925 -70.001 7e-05 3.82744e-06
2.95 -70.001 7e-05 3.82744e-06
2.975 -70.001 7e-05 3.82744e-06
3 -70.001 7e-05 3.82743e-06
3.025 -70.001 7e-05 3.82743e-06
3.05 -70.001 7e-05 3.82743e-06
3.075 -70.0011 7e-05 3.82743e-06
3.1 -70.0011 7e-05 3.82743e-06
3.125 -70.0011 7e-05 3.82742e-06
3.15 -70.0011 7e-05 3.82742e-06
3.175 -70.0011 7e-05 3.82742e-06
3.2 -70.0011 7e-05 3.82742e-06
3.225 -70.0011 7e-05 3.82741e-06
3.25 -70.0011 7e-05 3.82741e-06
3.275 -70.0011 7e-05 3.82741e-06
3.3 -70.0011 7e-05 3.82741e-06
3.325 -70.0011 7e-05 3.8274e-06
3.35 -70.0011 7e-05 3.8274e-06
3.375 -70.0011 7e-05 3.8274e-06
3.4 -70.0011 7e-05 3.8274e-06
3.425 -70.0011 7e-05 3.8274e-06
3.45 -70.0011 7e-05 3.82739e-06
3.475 -70.0011 7e-05 3.82739e-06
3.5 -70.0011 7e-05 3.82739e-06
3.525 -70.0011 7e-05 3.82739e-06
3.55 -70.0011 7e-05 3.82738e-06
3.575 -70.0011 7e-05 3.82738e-06
3.6 -70.0011 7e-05 3.82738e-06
3.625 -70.0011 7e-05 3.82738e-06
3.65 -70.0011 7e-05 3.82738e-06
3.675 -70.0011 7e-05 3.82737e-06
3.7 -70.0012 7e-05 3.82737e-06
3.725 -70.0012 7e-05 3.82737e-06
3.75 -70.0012 7e-05 3.82737e-06
3.775 -70.0012 7e-05 3.82736e-06
3.8 -70.0012 7e-05 3.82736e-06
3.825 -70.0012 7e-05 3.82736e-06
3.85 -70.0012 7e-05 3.82736e-06
3.875 -70.0012 7e-05 3.82736e-06
3.9 -70.0012 7e-05 3.82735e-06
3.925 -70.0012 7e-05 3.82735e-06
3.95 -70.0012 7e-05 3.82735e-06
3.975 -70.0012 7e-05 3.82735e-06
4 -70.0012 7e-05 3.82735e-06
4.025 -70.0012 7e-05 3.82734e-06
4.05 -70.0012 7e-05 3.82734e-06
4.075 -70.0012 7e-05 3.82734e-06
4.1 -70.0012 7e-05 3.82734e-06
4.125 -70.0012 7e-05 3.82734e-06
4.15 -70.0012 7e-05 3.82733e-06
4.175 -70.0012 7e-05 3.82733e-06
4.2 -70.0012 7e-05 3.82733e-06
4.225 -70.0012 7e-05 3.82733e-06
4.25 -70.0012 7e-05 3.82733e-06
4.275 -70.0012 7e-05 3.82732e-06
4.3 -70.0012 7e-05 3.82732e-06
4.325 -70.0012 7e-05 3.82732e-06
4.35 -70.0012 7e-05 3.82732e-06
4.375 -70.0013 7e-05 3.82732e-06
4.4 -70.0013 7e-05 3.82731e-06
4.425 -70.0013 7e-05 3.82731e-06
4.45 -70.0013 7e-05 3.82731e-06
4.475 -70.0013 7e-05 3.82731e-06
4.5 -70.0013 7e-05 3.82731e-06
4.525 -70.0013 7e-05 3.8273e-06
4.55 -70.0013 7e-05 3.8273e-06
4.575 -70.0013 7e-05 3.8273e-06
4.6 -70.0013 7e-05 3.8273e-06
4.625 -70.0013 7e-05 3.8273e-06
4.65 -70.0013 7e-05 3.82729e-06
4.675 -70.0013 7e-05 3.82729e-06
4.7 -70.0013 7e-05 3.82729e-06
4.725 -70.0013 7e-05 3.82729e-06
4.75 -70.0013 7e-05 3.82729e-06
4.775 -70.0013 7e-05 3.82729e-06
4.8 -70.0013 7e-05 3.82728e-06
4.825 -70.0013 7e-05 3.82728e-06
4.85 -70.0013 7e-05 3.82728e-06
4.875 -70.0013 7e-05 3.82728e-06
4.9 -70.0013 7e-05 3.82728e-06
4.925 -70.0013 7e-05 3.82727e-06
4.95 -70.0013 7e-05 3.82727e-06
4.975 -70.0013 7e-05 3.82727e-06
5 -70.0013 7e-05 3.82727e-06
5.025 -66.4321 7e-05 4.73803e-06
5.05 -63.7169 7e-05 5.46529e-06
5.075 -61.4318 7e-05 6.12466e-06
5.1 -59.4278 7e-05 6.76019e-06
5.125 -57.6282 7e-05 7.39655e-06
5.15 -55.9857 7e-05 8.05032e-06
5.175 -54.4681 7e-05 8.73394e-06
5.2 -53.0518 7.00001e-05 9.45736e-06
5.225 -51.7187 7.00001e-05 1.02291e-05
5.25 -50.4542 7.00002e-05 1.10569e-05
5.275 -49.2454 7.00003e-05 1.19483e-05
5.3 -48.0808 7.00005e-05 1.29109e-05
5.325 -46.9486 7.00007e-05 1.39533e-05
5.35 -45.8362 7.00011e-05 1.50855e-05
5.375 -44.7297 7.00017e-05 1.632e-05
5.4 -43.6123 7.00025e-05 1.76728e-05
5.425 -42.4632 7.00037e-05 1.91658e-05
5.45 -41.2559 7.00053e-05 2.08289e-05
5.475 -39.955 7.00077e-05 2.27052e-05
5.5 -38.5114 7.0011e-05 2.4858e-05
5.525 -36.8546 7.00158e-05 2.73843e-05
5.55 -34.8779 7.00228e-05 3.04393e-05
5.575 -32.4148 7.00334e-05 3.42835e-05
5.6 -29.1951 7.005e-05 3.93818e-05
5.625 -24.7773 7.00775e-05 4.66191e-05
5.65 -18.4832 7.01269e-05 5.77956e-05
5.675 -9.54739 7.0227e-05 7.68006e-05
5.7 1.96498 7.04728e-05 0.000108663
5.725 13.9968 7.12902e-05 0.000153594
5.75 23.8755 7.5302e-05 0.000214339
5.775 30.6013 9.94835e-05 0.000295853
5.8 34.772 0.000218864 0.000429223
5.825 37.3553 0.00060056 0.000833935
5.85 39.0199 0.00140249 0.0032443
5.875 40.0492 0.00266687 0.0170819
5.9 40.4313 0.00433551 0.0587645
5.925 40.0709 0.00630111 0.135339
5.95 38.9553 0.00845502 0.238726
5.975 37.167 0.0107194 0.355484
6 34.8267 0.0130547 0.474962
6.025 29.9204 0.0154507 0.579411
6.05 25.9165 0.0179125 0.674454
6.075 22.1853 0.0205911 0.759208
6.1 18.5669 0.0234045 0.832911
6.125 15.0273 0.0263252 0.895372
6.15 11.5721 0.0293405 0.946909
6.175 8.21753 0.0324404 0.988205
6.2 4.97913 0.0356133 1.02015
6.225 1.86733 0.038845 1.04371
6.25 -1.11441 0.0421175 1.05985
6.275 -3.97023 0.045409 1.06943
6.3 -6.71185 0.0486937 1.07317
6.325 -9.35813 0.0519421 1.07163
6.35 -11.9344 0.0551206 1.06517
6.375 -14.4715 0.058192 1.05395
6.4 -17.0052 0.061115 1.03799
6.425 -19.5753 0.0638439 1.01712
6.45 -22.2247 0.0663284 0.991046
6.475 -24.9979 0.0685131 0.959411
6.5 -27.9375 0.0703372 0.921841
6.525 -31.0766 0.0717357 0.878108
6.55 -34.427 0.0726427 0.828365
6.575 -37.9589 0.0730011 0.773488
6.6 -41.5804 0.0727802 0.715425
6.625 -45.1315 0.072003 0.657266
6.65 -48.4204 0.0707703 0.602592
6.675 -51.3002 0.0692484 0.554152
6.7 -53.7247 0.0676066 0.512931
6.725 -55.7323 0.0659524 0.478423
6.75 -57.3968 0.0643276 0.449489
6.775 -58.7924 0.0627412 0.424945
6.8 -59.9812 0.0611939 0.403795
6.825 -61.0094 0.0596847 0.385292
6.85 -61.9088 0.0582128 0.36892
6.875 -62.7012 0.0567773 0.354325
6.9 -63.4024 0.0553772 0.341248
6.925 -64.0253 0.0540116 0.329476
6.95 -64.5811 0.0526798 0.318823
6.975 -65.0799 0.0513809 0.309124
7 -65.5303 0.050114 0.300236
7.025 -65.9396 0.0488784 0.292041
7.05 -66.3134 0.0476733 0.284444
7.075 -66.6564 0.046498 0.277371
7.1 -66.9722 0.0453517 0.270759
7.125 -67.2638 0.0442337 0.264557
7.15 -67.534 0.0431433 0.258722
7.175 -67.7848 0.0420798 0.253215
7.2 -68.0185 0.0410426 0.248002
7.225 -68.2366 0.0400309 0.243055
7.25 -68.4407 0.0390443 0.238347
7.275 -68.6321 0.038082 0.233856
7.3 -68.812 0.0371435 0.229564
7.325 -68.9812 0.0362282 0.225452
7.35 -69.1406 0.0353354 0.221508
7.375 -69.291 0.0344647 0.217717
7.4 -69.433 0.0336155 0.214068
7.425 -69.5671 0.0327873 0.21055
7.45 -69.6939 0.0319795 0.207155
7.475 -69.8138 0.0311916 0.203874
7.5 -69.9272 0.0304232 0.2007
7.525 -70.0345 0.0296738 0.197625
7.55 -70.1359 0.0289429 0.194644
7.575 -70.2317 0.02823 0.19175
7.6 -70.3222 0.0275347 0.188939
7.625 -70.4076 0.0268566 0.186206
7.65 -70.4881 0.0261953 0.183546
7.675 -70.5639 0.0255502 0.180955
7.7 -70.6352 0.0249211 0.178429
7.725 -70.702 0.0243075 0.175964
7.75 -70.7647 0.0237091 0.173558
7.775 -70.8232 0.0231255 0.171205
7.8 -70.8778 0.0225562 0.168904
7.825 -70.9285 0.022001 0.166651
7.85 -70.9756 0.0214595 0.164443
7.875 -71.019 0.0209314 0.162276
7.9 -71.059 0.0204164 0.16015
7.925 -71.0956 0.019914 0.15806
7.95 -71.129 0.0194241 0.156004
7.975 -71.1592 0.0189462 0.153979
8 -71.1864 0.0184802 0.151984
8.025 -71.2106 0.0180256 0.150017
8.05 -71.232 0.0175823 0.148074
8.075 -71.2506 0.0171499 0.146155
8.1 -71.2665 0.0167282 0.144256
8.125 -71.2798 0.0163169 0.142378
8.15 -71.2906 0.0159158 0.140517
8.175 -71.2989 0.0155245 0.138673
8.2 -71.3048 0.015143 0.136844
8.225 -71.3084 0.0147708 0.135029
8.25 -71.3097 0.0144078 0.133227
8.275 -71.3088 0.0140538 0.131437
8.3 -71.3058 0.0137086 0.129658
8.325 -71.3006 0.0133718 0.127889
8.35 -71.2934 0.0130434 0.126129
8.375 -71.2841 0.0127231 0.124378
8.4 -71.2728 0.0124107 0.122636
8.425 -71.2596 0.012106 0.120901
8.45 -71.2444 0.0118088 0.119175
8.475 -71.2274 0.011519 0.117455
8.5 -71.2084 0.0112363 0.115743
8.525 -71.1876 0.0109606 0.114038
8.55 -71.165 0.0106917 0.112339
8.575 -71.1406 0.0104295 0.110647
8.6 -71.1143 0.0101737 0.108962
8.625 -71.0863 0.00992425 0.107284
8.65 -71.0565 0.00968094 0.105613
8.675 -71.025 0.00944365 0.103948
8.7 -70.9918 0.00921221 0.10229
8.725 -70.9568 0.00898649 0.100639
8.75 -70.9201 0.00876634 0.0989948
8.775 -70.8817 0.00855163 0.0973577
8.8 -70.8416 0.00834222 0.0957277
8.825 -70.7998 0.00813797 0.094105
8.85 -70.7563 0.00793878 0.0924895
8.875 -70.7111 0.00774449 0.0908813
8.9 -70.6643 0.00755501 0.0892805
8.925 -70.6157 0.00737021 0.0876871
8.95 -70.5655 0.00718996 0.0861012
8.975 -70.5137 0.00701417 0.0845229
9 -70.4601 0.00684272 0.0829521
9.025 -70.4049 0.0066755 0.0813889
9.05 -70.3481 0.00651241 0.0798334
9.075 -70.2899 0.00635334 0.078305
9.1 -70.2306 0.00619821 0.0768069
9.125 -70.1705 0.0060469 0.0753372
9.15 -70.1097 0.00589933 0.0738946
9.175 -70.0483 0.00575541 0.0724781
9.2 -69.9864 0.00561503 0.0710866
9.225 -69.9242 0.00547813 0.0697194
9.25 -69.8616 0.0053446 0.0683758
9.275 -69.7988 0.00521437 0.067055
9.3 -69.7358 0.00508735 0.0657567
9.325 -69.6726 0.00496347 0.0644803
9.35 -69.6094 0.00484265 0.0632252
9.375 -69.5461 0.00472482 0.0619912
9.4 -69.4829 0.00460989 0.0607779
9.425 -69.4196 0.0044978 0.0595847
9.45 -69.3564 0.00438848 0.0584116
9.475 -69.2933 0.00428185 0.057258
9.5 -69.2303 0.00417786 0.0561238
9.525 -69.1675 0.00407644 0.0550086
9.55 -69.1048 0.00397752 0.0539122
9.575 -69.0423 0.00388104 0.0528343
9.6 -68.9801 0.00378695 0.0517746
9.625 -68.9181 0.00369517 0.050733
9.65 -68.8564 0.00360567 0.0497091
9.675 -68.795 0.00351837 0.0487028
9.7 -68.7339 0.00343323 0.0477138
9.725 -68.6731 0.00335019 0.0467419
9.75 -68.6127 0.00326921 0.0457868
9.775 -68.5526 0.00319022 0.0448484
9.8 -68.493 0.00311318 0.0439265
9.825 -68.4338 0.00303804 0.0430208
9.85 -68.375 0.00296476 0.0421311
9.875 -68.3166 0.00289329 0.0412572
9.9 -68.2587 0.00282358 0.0403989
9.925 -68.2013 0.0027556 0.039556
9.95 -68.1444 0.00268929 0.0387283
9.975 -68.088 0.00262462 0.0379156
10 -68.0321 0.00256154 0.0371177
10.025 -67.9767 0.00250003 0.0363343
10.05 -67.9219 0.00244003 0.0355654
10.075 -67.8677 0.00238151 0.0348107
10.1 -67.814 0.00232444 0.0340699
10.125 -67.7609 0.00226878 0.033343
10.15 -67.7085 0.00221449 0.0326297
10.175 -67.6566 0.00216154 0.0319297
10.2 -67.6053 0.0021099 0.031243
10.225 -67.5547 0.00205954 0.0305693
10.25 -67.5047 0.00201042 0.0299085
10.275 -67.4554 0.00196251 0.0292603
10.3 -67.4067 0.00191578 0.0286245
10.325 -67.3586 0.00187021 0.028001
10.35 -67.3113 0.00182576 0.0273896
10.375 -67.2646 0.00178241 0.0267901
10.4 -67.2185 0.00174013 0.0262024
10.425 -67.1732 0.0016989 0.0256261
10.45 -67.1286 0.00165868 0.0250612
10.475 -67.0846 0.00161945 0.0245074
10.5 -67.0413 0.0015812 0.0239647
10.525 -66.9988 0.00154389 0.0234328
10.55 -66.9569 0.0015075 0.0229115
10.575 -66.9157 0.001472 0.0224007
10.6 -66.8753 0.00143739 0.0219002
10.625 -66.8355 0.00140363 0.0214098
10.65 -66.7965 0.0013707 0.0209293
10.675 -66.7582 0.00133859 0.0204587
10.7 -66.7205 0.00130726 0.0199977
10.725 -66.6836 0.00127672 0.0195461
10.75 -66.6474 0.00124692 0.0191039
10.775 -66.6119 0.00121786 0.0186708
10.8 -66.5771 0.00118952 0.0182466
10.825 -66.543 0.00116188 0.0178313
10.85 -66.5096 0.00113492 0.0174247
10.875 -66.4769 0.00110863 0.0170266
10.9 -66.4449 0.00108299 0.0166369
10.925 -66.4136 0.00105798 0.0162554
10.95 -66.383 0.00103358 0.0158819
10.975 -66.3531 0.00100979 0.0155164
11 -66.3238 0.000986588 0.0151587
11.025 -66.2952 0.000963957 0.0148086
11.05 -66.2674 0.000941885 0.014466
11.075 -66.2401 0.000920358 0.0141307
11.1 -66.2136 0.000899363 0.0138027
11.125 -66.1877 0.000878886 0.0134818
11.15 -66.1624 0.000858914 0.0131678
11.175 -66.1379 0.000839436 0.0128607
11.2 -66.1139 0.000820439 0.0125602
11.225 -66.0906 0.00080191 0.0122663
11.25 -66.0679 0.000783839 0.0119789
11.275 -66.0459 0.000766214 0.0116977
11.3 -66.0245 0.000749025 0.0114228
11.325 -66.0037 0.00073226 0.0111539
11.35 -65.9835 0.000715908 0.010891
11.375 -65.9639 0.000699961 0.010634
11.4 -65.9449 0.000684407 0.0103826
11.425 -65.9265 0.000669237 0.0101369
11.45 -65.9086 0.000654442 0.00989665
11.475 -65.8914 0.000640012 0.00966179
11.5 -65.8747 0.000625939 0.00943222
11.525 -65.8586 0.000612212 0.00920782
11.55 -65.843 0.000598825 0.00898848
11.575 -65.828 0.000585768 0.00877411
11.6 -65.8135 0.000573034 0.0085646
11.625 -65.7995 0.000560614 0.00835985
11.65 -65.7861 0.000548501 0.00815977
11.675 -65.7732 0.000536687 0.00796425
11.7 -65.7608 0.000525164 0.00777321
11.725 -65.7489 0.000513926 0.00758655
11.75 -65.7375 0.000502965 0.00740417
11.775 -65.7266 0.000492275 0.00722599
11.8 -65.7161 0.000481849 0.00705192
11.825 -65.7062 0.000471681 0.00688187
11.85 -65.6967 0.000461763 0.00671576
11.875 -65.6876 0.000452091 0.0065535
11.9 -65.6791 0.000442657 0.00639501
11.925 -65.6709 0.000433456 0.00624021
11.95 -65.6632 0.000424482 0.00608901
11.975 -65.656 0.00041573 0.00594135
12 -65.6491 0.000407194 0.00579715
12.025 -65.6427 0.000398868 0.00565632
12.05 -65.6366 0.000390749 0.0055188
12.075 -65.631 0.000382829 0.00538451
12.1 -65.6258 0.000375106 0.00525338
12.125 -65.6209 0.000367572 0.00512535
12.15 -65.6165 0.000360225 0.00500034
12.175 -65.6124 0.00035306 0.00487828
12.2 -65.6086 0.000346071 0.00475912
12.225 -65.6052 0.000339255 0.00464279
12.25 -65.6022 0.000332607 0.00452922
12.275 -65.5995 0.000326123 0.00441835
12.3 -65.5972 0.000319799 0.00431012
12.325 -65.5952 0.000313632 0.00420448
12.35 -65.5935 0.000307616 0.00410136
12.375 -65.5921 0.00030175 0.0040007
12.4 -65.5911 0.000296028 0.00390246
12.425 -65.5903 0.000290447 0.00380657
12.45 -65.5899 0.000285004 0.00371298
12.475 -65.5897 0.000279696 0.00362164
12.5 -65.5898 0.000274518 0.0035325
12.525 -65.5902 0.000269469 0.00344551
12.55 -65.5909 0.000264544 0.00336062
12.575 -65.5918 0.000259741 0.00327777
12.6 -65.593 0.000255056 0.00319693
12.625 -65.5945 0.000250487 0.00311804
12.65 -65.5962 0.000246031 0.00304107
12.675 -65.5981 0.000241684 0.00296596
12.7 -65.6003 0.000237445 0.00289267
12.725 -65.6027 0.000233311 0.00282117
12.75 -65.6054 0.000229279 0.0027514
12.775 -65.6082 0.000225346 0.00268333
12.8 -65.6113 0.000221511 0.00261692
12.825 -65.6146 0.00021777 0.00255213
12.85 -65.6181 0.000214122 0.00248892
12.875 -65.6218 0.000210563 0.00242725
12.9 -65.6257 0.000207093 0.00236709
12.925 -65.6298 0.000203708 0.00230841
12.95 -65.6341 0.000200407 0.00225116
12.975 -65.6385 0.000197187 0.00219531
13 -65.6431 0.000194047 0.00214083
13.025 -65.6479 0.000190984 0.00208769
13.05 -65.6529 0.000187997 0.00203586
13.075 -65.658 0.000185084 0.0019853
13.1 -65.6633 0.000182242 0.00193598
13.125 -65.6687 0.000179471 0.00188787
13.15 -65.6743 0.000176768 0.00184095
13.175 -65.68 0.000174132 0.00179519
13.2 -65.6858 0.000171561 0.00175056
13.225 -65.6918 0.000169053 0.00170702
13.25 -65.698 0.000166608 0.00166456
13.275 -65.7042 0.000164222 0.00162316
13.3 -65.7106 0.000161896 0.00158277
13.325 -65.7171 0.000159627 0.00154338
13.35 -65.7237 0.000157414 0.00150497
13.375 -65.7304 0.000155256 0.00146751
13.4 -65.7372 0.000153151 0.00143097
13.425 -65.7441 0.000151098 0.00139535
13.45 -65.7512 0.000149096 0.0013606
13.475 -65.7583 0.000147143 0.00132672
13.5 -65.7655 0.000145238 0.00129368
13.525 -65.7728 0.00014338 0.00126146
13.55 -65.7802 0.000141569 0.00123004
13.575 -65.7877 0.000139802 0.0011994
13.6 -65.7953 0.000138078 0.00116952
13.625 -65.8029 0.000136397 0.00114038
13.65 -65.8106 0.000134758 0.00111197
13.675 -65.8184 0.000133159 0.00108427
13.7 -65.8263 0.0001316 0.00105726
13.725 -65.8342 0.000130079 0.00103092
13.75 -65.8422 0.000128596 0.00100524
13.775 -65.8502 0.000127149 0.000980193
13.8 -65.8583 0.000125738 0.000955774
13.825 -65.8665 0.000124362 0.000931965
13.85 -65.8747 0.000123019 0.00090875
13.875 -65.883 0.00012171 0.000886115
13.9 -65.8913 0.000120434 0.000864044
13.925 -65.8996 0.000119188 0.000842525
13.95 -65.908 0.000117974 0.000821544
13.975 -65.9164 0.000116789 0.000801087
14 -65.9249 0.000115634 0.000781141
14.025 -65.9334 0.000114508 0.000761694
14.05 -65.9419 0.000113409 0.000742734
14.075 -65.9505 0.000112337 0.000724247
14.1 -65.9591 0.000111292 0.000706224
14.125 -65.9677 0.000110272 0.000688651
14.15 -65.9764 0.000109278 0.000671518
14.175 -65.9851 0.000108308 0.000654815
14.2 -65.9938 0.000107362 0.000638529
14.225 -66.0025 0.00010644 0.000622652
14.25 -66.0112 0.00010554 0.000607172
14.275 -66.02 0.000104663 0.00059208
14.3 -66.0287 0.000103807 0.000577366
14.325 -66.0375 0.000102972 0.000563021
14.35 -66.0463 0.000102158 0.000549036
14.375 -66.0551 0.000101364 0.000535401
14.4 -66.0639 0.00010059 0.000522109
14.425 -66.0727 9.98343e-05 0.000509149
14.45 -66.0815 9.90977e-05 0.000496515
14.475 -66.0903 9.83793e-05 0.000484198
14.5 -66.0991 9.76786e-05 0.000472189
14.525 -66.108 9.69952e-05 0.000460482
14.55 -66.1168 9.63287e-05 0.000449069
14.575 -66.1256 9.56786e-05 0.000437942
14.6 -66.1344 9.50446e-05 0.000427095
14.625 -66.1432 9.44263e-05 0.00041652
14.65 -66.152 9.38232e-05 0.00040621
14.675 -66.1608 9.3235e-05 0.000396159
14.7 -66.1696 9.26613e-05 0.00038636
14.725 -66.1784 9.21018e-05 0.000376808
14.75 -66.1872 9.15561e-05 0.000367495
14.775 -66.1959 9.10239e-05 0.000358416
14.8 -66.2047 9.05048e-05 0.000349566
14.825 -66.2134 8.99985e-05 0.000340937
14.85 -66.2221 8.95048e-05 0.000332525
14.875 -66.2308 8.90232e-05 0.000324325
14.9 -66.2395 8.85535e-05 0.00031633
14.925 -66.2482 8.80954e-05 0.000308537
14.95 -66.2568 8.76486e-05 0.000300939
14.975 -66.2654 8.72129e-05 0.000293532
15 -66.274 8.67879e-05 0.000286311
15.025 -66.2826 8.63734e-05 0.000279271
15.05 -66.2912 8.59692e-05 0.000272409
15.075 -66.2998 8.55749e-05 0.000265718
15.1 -66.3083 8.51903e-05 0.000259196
15.125 -66.3168 8.48153e-05 0.000252838
15.15 -66.3253 8.44495e-05 0.000246639
15.175 -66.3337 8.40927e-05 0.000240596
15.2 -66.3422 8.37448e-05 0.000234705
15.225 -66.3506 8.34054e-05 0.000228962
15.25 -66.3589 8.30744e-05 0.000223363
15.275 -66.3673 8.27516e-05 0.000217905
15.3 -66.3756 8.24368e-05 0.000212584
15.325 -66.3839 8.21297e-05 0.000207396
15.35 -66.3922 8.18302e-05 0.000202339
15.375 -66.4004 8.15382e-05 0.000197409
15.4 -66.4086 8.12533e-05 0.000192603
15.425 -66.4168 8.09754e-05 0.000187917
15.45 -66.425 8.07045e-05 0.00018335
15.475 -66.4331 8.04402e-05 0.000178896
15.5 -66.4412 8.01824e-05 0.000174555
15.525 -66.4492 7.9931e-05 0.000170323
15.55 -66.4573 7.96858e-05 0.000166197
15.575 -66.4653 7.94466e-05 0.000162175
15.6 -66.4732 7.92134e-05 0.000158253
15.625 -66.4811 7.89859e-05 0.00015443
15.65 -66.489 7.87641e-05 0.000150703
15.675 -66.4969 7.85477e-05 0.00014707
15.7 -66.5047 7.83366e-05 0.000143528
15.725 -66.5125 7.81308e-05 0.000140074
15.75 -66.5203 7.79301e-05 0.000136708
15.775 -66.528 7.77343e-05 0.000133426
15.8 -66.5357 7.75433e-05 0.000130226
15.825 -66.5434 7.73571e-05 0.000127107
15.85 -66.551 7.71754e-05 0.000124065
15.875 -66.5586 7.69983e-05 0.000121101
15.9 -66.5662 7.68255e-05 0.00011821
15.925 -66.5737 7.66569e-05 0.000115392
15.95 -66.5812 7.64926e-05 0.000112645
15.975 -66.5886 7.63323e-05 0.000109966
16 -66.5961 7.61759e-05 0.000107355
16.025 -66.6034 7.60235e-05 0.000104809
16.05 -66.6108 7.58747e-05 0.000102328
16.075 -66.6181 7.57297e-05 9.99079e-05
16.1 -66.6254 7.55882e-05 9.75489e-05
16.125 -66.6326 7.54503e-05 9.52491e-05
16.15 -66.6398 7.53157e-05 9.30069e-05
16.175 -66.647 7.51844e-05 9.08209e-05
16.2 -66.6541 7.50564e-05 8.86896e-05
16.225 -66.6612 7.49316e-05 8.66118e-05
16.25 -66.6683 7.48098e-05 8.4586e-05
16.275 -66.6753 7.46911e-05 8.2611e-05
16.3 -66.6823 7.45753e-05 8.06855e-05
16.325 -66.6892 7.44623e-05 7.88082e-05
16.35 -66.6961 7.43521e-05 7.69779e-05
16.375 -66.703 7.42447e-05 7.51934e-05
16.4 -66.7099 7.41399e-05 7.34537e-05
16.425 -66.7167 7.40377e-05 7.17575e-05
16.45 -66.7234 7.3938e-05 7.01037e-05
16.475 -66.7302 7.38407e-05 6.84913e-05
16.5 -66.7369 7.37459e-05 6.69193e-05
16.525 -66.7435 7.36534e-05 6.53867e-05
16.55 -66.7501 7.35632e-05 6.38924e-05
16.575 -66.7567 7.34752e-05 6.24354e-05
16.6 -66.7633 7.33894e-05 6.10149e-05
16.625 -66.7698 7.33058e-05 5.963e-05
16.65 -66.7763 7.32241e-05 5.82797e-05
16.675 -66.7827 7.31445e-05 5.69631e-05
16.7 -66.7892 7.30669e-05 5.56795e-05
16.725 -66.7955 7.29912e-05 5.44279e-05
16.75 -66.8019 7.29173e-05 5.32077e-05
16.775 -66.8082 7.28453e-05 5.20179e-05
16.8 -66.8144 7.2775e-05 5.08579e-05
16.825 -66.8207 7.27065e-05 4.97269e-05
16.85 -66.8269 7.26397e-05 4.86241e-05
16.875 -66.833 7.25745e-05 4.75488e-05
16.9 -66.8392 7.2511e-05 4.65004e-05
16.925 -66.8453 7.2449e-05 4.54782e-05
16.95 -66.8513 7.23885e-05 4.44815e-05
16.975 -66.8574 7.23295e-05 4.35097e-05
17 -66.8634 7.2272e-05 4.25622e-05
17.025 -66.8693 7.22159e-05 4.16383e-05
17.05 -66.8752 7.21612e-05 4.07375e-05
17.075 -66.8811 7.21078e-05 3.98591e-05
17.1 -66.887 7.20558e-05 3.90026e-05
17.125 -66.8928 7.2005e-05 3.81676e-05
17.15 -66.8986 7.19555e-05 3.73533e-05
17.175 -66.9044 7.19073e-05 3.65593e-05
17.2 -66.9101 7.18602e-05 3.57852e-05
17.225 -66.9158 7.18142e-05 3.50303e-05
17.25 -66.9215 7.17694e-05 3.42942e-05
17.275 -66.9271 7.17258e-05 3.35765e-05
17.3 -66.9327 7.16832e-05 3.28767e-05
17.325 -66.9382 7.16416e-05 3.21943e-05
17.35 -66.9438 7.16011e-05 3.15289e-05
17.375 -66.9493 7.15615e-05 3.08801e-05
17.4 -66.9547 7.1523e-05 3.02474e-05
17.425 -66.9602 7.14854e-05 2.96305e-05
17.45 -66.9656 7.14487e-05 2.90289e-05
17.475 -66.971 7.14129e-05 2.84423e-05
17.5 -66.9763 7.13781e-05 2.78703e-05
17.525 -66.9816 7.1344e-05 2.73125e-05
17.55 -66.9869 7.13108e-05 2.67686e-05
17.575 -66.9921 7.12785e-05 2.62382e-05
17.6 -66.9974 7.12469e-05 2.5721e-05
17.625 -67.0025 7.12161e-05 2.52167e-05
17.65 -67.0077 7.11861e-05 2.47249e-05
17.675 -67.0128 7.11568e-05 2.42453e-05
17.7 -67.0179 7.11283e-05 2.37777e-05
17.725 -67.023 7.11004e-05 2.33216e-05
17.75 -67.028 7.10732e-05 2.28769e-05
17.775 -67.0331 7.10467e-05 2.24432e-05
17.8 -67.038 7.10209e-05 2.20203e-05
17.825 -67.043 7.09957e-05 2.16079e-05
17.85 -67.0479 7.09711e-05 2.12057e-05
17.875 -67.0528 7.09471e-05 2.08135e-05
17.9 -67.0577 7.09237e-05 2.0431e-05
17.925 -67.0625 7.09009e-05 2.0058e-05
17.95 -67.0673 7.08787e-05 1.96943e-05
17.975 -67.0721 7.0857e-05 1.93395e-05
18 -67.0769 7.08358e-05 1.89936e-05
18.025 -67.0816 7.08152e-05 1.86562e-05
18.05 -67.0863 7.07951e-05 1.83272e-05
18.075 -67.091 7.07754e-05 1.80064e-05
18.1 -67.0956 7.07563e-05 1.76934e-05
18.125 -67.1003 7.07376e-05 1.73883e-05
18.15 -67.1049 7.07194e-05 1.70907e-05
18.175 -67.1094 7.07017e-05 1.68004e-05
18.2 -67.114 7.06843e-05 1.65173e-05
18.225 -67.1185 7.06674e-05 1.62413e-05
18.25 -67.123 7.0651e-05 1.5972e-05
18.275 -67.1274 7.06349e-05 1.57094e-05
18.3 -67.1319 7.06192e-05 1.54533e-05
18.325 -67.1363 7.06039e-05 1.52035e-05
18.35 -67.1407 7.0589e-05 1.49599e-05
18.375 -67.1451 7.05745e-05 1.47223e-05
18.4 -67.1494 7.05603e-05 1.44906e-05
18.425 -67.1537 7.05465e-05 1.42646e-05
18.45 -67.158 7.0533e-05 1.40442e-05
18.475 -67.1623 7.05198e-05 1.38292e-05
18.5 -67.1665 7.0507e-05 1.36195e-05
18.525 -67.1707 7.04945e-05 1.34149e-05
18.55 -67.1749 7.04822e-05 1.32154e-05
18.575 -67.1791 7.04703e-05 1.30209e-05
18.6 -67.1833 7.04587e-05 1.28311e-05
18.625 -67.1874 7.04474e-05 1.2646e-05
18.65 -67.1915 7.04364e-05 1.24654e-05
18.675 -67.1956 7.04256e-05 1.22893e-05
18.7 -67.1996 7.04151e-05 1.21175e-05
18.725 -67.2037 7.04048e-05 1.195e-05
18.75 -67.2077 7.03948e-05 1.17866e-05
18.775 -67.2117 7.03851e-05 1.16271e-05
18.8 -67.2157 7.03756e-05 1.14716e-05
18.825 -67.2196 7.03663e-05 1.132e-05
18.85 -67.2235 7.03573e-05 1.1172e-05
18.875 -67.2275 7.03484e-05 1.10277e-05
18.9 -67.2313 7.03398e-05 1.08869e-05
18.925 -67.2352 7.03314e-05 1.07495e-05
18.95 -67.239 7.03233e-05 1.06156e-05
18.975 -67.2429 7.03153e-05 1.04849e-05
19 -67.2467 7.03075e-05 1.03574e-05
19.025 -67.2505 7.02999e-05 1.0233e-05
19.05 -67.2542 7.02925e-05 1.01117e-05
19.075 -67.258 7.02853e-05 9.99335e-06
19.1 -67.2617 7.02782e-05 9.87789e-06
19.125 -67.2654 7.02714e-05 9.76525e-06
19.15 -67.2691 7.02647e-05 9.65536e-06
19.175 -67.2727 7.02581e-05 9.54816e-06
19.2 -67.2764 7.02518e-05 9.44358e-06
19.225 -67.28 7.02455e-05 9.34154e-06
19.25 -67.2836 7.02395e-05 9.242e-06
19.275 -67.2872 7.02336e-05 9.14488e-06
19.3 -67.2908 7.02278e-05 9.05012e-06
19.325 -67.2943 7.02222e-05 8.95768e-06
19.35 -67.2979 7.02167e-05 8.86749e-06
19.375 -67.3014 7.02113e-05 8.77948e-06
19.4 -67.3049 7.02061e-05 8.69362e-06
19.425 -67.3083 7.0201e-05 8.60985e-06
19.45 -67.3118 7.01961e-05 8.52811e-06
19.475 -67.3153 7.01912e-05 8.44836e-06
19.5 -67.3187 7.01865e-05 8.37054e-06
19.525 -67.3221 7.01819e-05 8.29461e-06
19.55 -67.3255 7.01774e-05 8.22052e-06
19.575 -67.3289 7.0173e-05 8.14822e-06
19.6 -67.3322 7.01688e-05 8.07767e-06
19.625 -67.3356 7.01646e-05 8.00883e-06
19.65 -67.3389 7.01605e-05 7.94166e-06
19.675 -67.3422 7.01566e-05 7.87611e-06
19.7 -67.3455 7.01527e-05 7.81214e-06
19.725 -67.3488 7.01489e-05 7.74972e-06
19.75 -67.352 7.01453e-05 7.6888e-06
19.775 -67.3553 7.01417e-05 7.62935e-06
19.8 -67.3585 7.01382e-05 7.57133e-06
19.825 -67.3617 7.01348e-05 7.51471e-06
19.85 -67.3649 7.01314e-05 7.45945e-06
19.875 -67.3681 7.01282e-05 7.40551e-06
19.9 -67.3712 7.0125e-05 7.35288e-06
19.925 -67.3744 7.01219e-05 7.30151e-06
19.95 -67.3775 7.01189e-05 7.25136e-06
19.975 -67.3807 7.0116e-05 7.20242e-06
20 -67.3838 7.01131e-05 7.15466e-06
20.025 -67.3869 7.01103e-05 7.10803e-06
20.05 -67.3899 7.01076e-05 7.06252e-06
20.075 -67.393 7.0105e-05 7.0181e-06
20.1 -67.3961 7.01024e-05 6.97473e-06
20.125 -67.3991 7.00998e-05 6.93241e-06
20.15 -67.4021 7.00974e-05 6.89108e-06
20.175 -67.4051 7.0095e-05 6.85075e-06
20.2 -67.4081 7.00926e-05 6.81137e-06
20.225 -67.4111 7.00903e-05 6.77293e-06
20.25 -67.4141 7.00881e-05 6.7354e-06
20.275 -67.417 7.00859e-05 6.69876e-06
20.3 -67.42 7.00838e-05 6.66298e-06
20.325 -67.4229 7.00817e-05 6.62806e-06
20.35 -67.4258 7.00797e-05 6.59396e-06
20.375 -67.4287 7.00778e-05 6.56066e-06
20.4 -67.4316 7.00758e-05 6.52815e-06
20.425 -67.4345 7.0074e-05 6.49641e-06
20.45 -67.4373 7.00721e-05 6.46541e-06
20.475 -67.4402 7.00704e-05 6.43514e-06
20.5 -67.443 7.00686e-05 6.40559e-06
20.525 -67.4459 7.00669e-05 6.37672e-06
20.55 -67.4487 7.00653e-05 6.34854e-06
20.575 -67.4515 7.00637e-05 6.32101e-06
20.6 -67.4543 7.00621e-05 6.29412e-06
20.625 -67.457 7.00606e-05 6.26787e-06
20.65 -67.4598 7.00591e-05 6.24222e-06
20.675 -67.4626 7.00576e-05 6.21717e-06
20.7 -67.4653 7.00562e-05 6.19271e-06
20.725 -67.468 7.00548e-05 6.16881e-06
20.75 -67.4708 7.00534e-05 6.14546e-06
20.775 -67.4735 7.00521e-05 6.12266e-06
20.8 -67.4762 7.00508e-05 6.10038e-06
20.825 -67.4789 7.00496e-05 6.07862e-06
20.85 -67.4815 7.00484e-05 6.05736e-06
20.875 -67.4842 7.00472e-05 6.03659e-06
20.9 -67.4869 7.0046e-05 6.01629e-06
20.925 -67.4895 7.00449e-05 5.99646e-06
20.95 -67.4921 7.00438e-05 5.97709e-06
20.975 -67.4948 7.00427e-05 5.95815e-06
21 -67.4974 7.00416e-05 5.93965e-06
21.025 -67.5 7.00406e-05 5.92157e-06
21.05 -67.5026 7.00396e-05 5.90391e-06
21.075 -67.5052 7.00386e-05 5.88664e-06
21.1 -67.5077 7.00377e-05 5.86976e-06
21.125 -67.5103 7.00367e-05 5.85327e-06
21.15 -67.5129 7.00358e-05 5.83715e-06
21.175 -67.5154 7.00349e-05 5.82139e-06
21.2 -67.5179 7.00341e-05 5.80598e-06
21.225 -67.5205 7.00332e-05 5.79092e-06
21.25 -67.523 7.00324e-05 5.7762e-06
21.275 -67.5255 7.00316e-05 5.76181e-06
21.3 -67.528 7.00308e-05 5.74774e-06
21.325 -67.5305 7.00301e-05 5.73398e-06
21.35 -67.5329 7.00293e-05 5.72052e-06
21.375 -67.5354 7.00286e-05 5.70737e-06
21.4 -67.5379 7.00279e-05 5.6945e-06
21.425 -67.5403 7.00272e-05 5.68192e-06
21.45 -67.5428 7.00265e-05 5.66961e-06
21.475 -67.5452 7.00259e-05 5.65758e-06
21.5 -67.5476 7.00253e-05 5.6458e-06
21.525 -67.55 7.00246e-05 5.63429e-06
21.55 -67.5524 7.0024e-05 5.62302e-06
21.575 -67.5548 7.00234e-05 5.612e-06
21.6 -67.5572 7.00229e-05 5.60122e-06
21.625 -67.5596 7.00223e-05 5.59067e-06
21.65 -67.562 7.00217e-05 5.58035e-06
21.675 -67.5644 7.00212e-05 5.57025e-06
21.7 -67.5667 7.00207e-05 5.56036e-06
21.725 -67.5691 7.00202e-05 5.55069e-06
21.75 -67.5714 7.00197e-05 5.54122e-06
21.775 -67.5737 7.00192e-05 5.53195e-06
21.8 -67.5761 7.00187e-05 5.52288e-06
21.825 -67.5784 7.00183e-05 5.514e-06
21.85 -67.5807 7.00178e-05 5.50531e-06
21.875 -67.583 7.00174e-05 5.4968e-06
21.9 -67.5853 7.00169e-05 5.48846e-06
21.925 -67.5876 7.00165e-05 5.4803e-06
21.95 -67.5899 7.00161e-05 5.47231e-06
21.975 -67.5921 7.00157e-05 5.46448e-06
22 -67.5944 7.00153e-05 5.45682e-06
22.025 -67.5967 7.00149e-05 5.44931e-06
22.05 -67.5989 7.00146e-05 5.44195e-06
22.075 -67.6012 7.00142e-05 5.43475e-06
22.1 -67.6034 7.00139e-05 5.42769e-06
22.125 -67.6056 7.00135e-05 5.42077e-06
22.15 -67.6078 7.00132e-05 5.41399e-06
22.175 -67.6101 7.00129e-05 5.40735e-06
22.2 -67.6123 7.00125e-05 5.40084e-06
22.225 -67.6145 7.00122e-05 5.39445e-06
22.25 -67.6167 7.00119e-05 5.3882e-06
22.275 -67.6189 7.00116e-05 5.38207e-06
22.3 -67.621 7.00114e-05 5.37605e-06
22.325 -67.6232 7.00111e-05 5.37016e-06
22.35 -67.6254 7.00108e-05 5.36438e-06
22.375 -67.6276 7.00105e-05 5.35871e-06
22.4 -67.6297 7.00103e-05 5.35315e-06
22.425 -67.6319 7.001e-05 5.34769e-06
22.45 -67.634 7.00098e-05 5.34234e-06
22.475 -67.6361 7.00095e-05 5.33709e-06
22.5 -67.6383 7.00093e-05 5.33194e-06
22.525 -67.6404 7.00091e-05 5.32689e-06
22.55 -67.6425 7.00088e-05 5.32193e-06
22.575 -67.6446 7.00086e-05 5.31706e-06
22.6 -67.6467 7.00084e-05 5.31229e-06
22.625 -67.6488 7.00082e-05 5.3076e-06
22.65 -67.6509 7.0008e-05 5.30299e-06
22.675 -67.653 7.00078e-05 5.29847e-06
22.7 -67.6551 7.00076e-05 5.29403e-06
22.725 -67.6572 7.00074e-05 5.28967e-06
22.75 -67.6593 7.00072e-05 5.28539e-06
22.775 -67.6613 7.00071e-05 5.28118e-06
22.8 -67.6634 7.00069e-05 5.27705e-06
22.825 -67.6655 7.00067e-05 5.27299e-06
22.85 -67.6675 7.00066e-05 5.269e-06
22.875 -67.6696 7.00064e-05 5.26508e-06
22.9 -67.6716 7.00062e-05 5.26122e-06
22.925 -67.6736 7.00061e-05 5.25743e-06
22.95 -67.6757 7.00059e-05 5.25371e-06
22.975 -67.6777 7.00058e-05 5.25005e-06
23 -67.6797 7.00056e-05 5.24645e-06
23.025 -67.6817 7.00055e-05 5.24291e-06
23.05 -67.6837 7.00054e-05 5.23942e-06
23.075 -67.6857 7.00052e-05 5.236e-06
23.1 -67.6877 7.00051e-05 5.23263e-06
23.125 -67.6897 7.0005e-05 5.22931e-06
23.15 -67.6917 7.00049e-05 5.22605e-06
23.175 -67.6937 7.00047e-05 5.22284e-06
23.2 -67.6957 7.00046e-05 5.21968e-06
23.225 -67.6976 7.00045e-05 5.21656e-06
23.25 -67.6996 7.00044e-05 5.2135e-06
23.275 -67.7016 7.00043e-05 5.21048e-06
23.3 -67.7035 7.00042e-05 5.20751e-06
23.325 -67.7055 7.00041e-05 5.20459e-06
23.35 -67.7074 7.0004e-05 5.20171e-06
23.375 -67.7094 7.00039e-05 5.19887e-06
23.4 -67.7113 7.00038e-05 5.19607e-06
23.425 -67.7133 7.00037e-05 5.19331e-06
23.45 -67.7152 7.00036e-05 5.1906e-06
23.475 -67.7171 7.00035e-05 5.18792e-06
23.5 -67.719 7.00034e-05 5.18528e-06
23.525 -67.721 7.00033e-05 5.18268e-06
23.55 -67.7229 7.00033e-05 5.18011e-06
23.575 -67.7248 7.00032e-05 5.17758e-06
23.6 -67.7267 7.00031e-05 5.17508e-06
23.625 -67.7286 7.0003e-05 5.17262e-06
23.65 -67.7305 7.0003e-05 5.17019e-06
23.675 -67.7324 7.00029e-05 5.1678e-06
23.7 -67.7343 7.00028e-05 5.16543e-06
23.725 -67.7361 7.00027e-05 5.1631e-06
23.75 -67.738 7.00027e-05 5.16079e-06
23.775 -67.7399 7.00026e-05 5.15852e-06
23.8 -67.7418 7.00025e-05 5.15627e-06
23.825 -67.7436 7.00025e-05 5.15405e-06
23.85 -67.7455 7.00024e-05 5.15186e-06
23.875 -67.7474 7.00024e-05 5.1497e-06
23.9 -67.7492 7.00023e-05 5.14756e-06
23.925 -67.7511 7.00022e-05 5.14545e-06
23.95 -67.7529 7.00022e-05 5.14336e-06
23.975 -67.7548 7.00021e-05 5.1413e-06
24 -67.7566 7.00021e-05 5.13926e-06
24.025 -67.7584 7.0002e-05 5.13725e-06
24.05 -67.7603 7.0002e-05 5.13526e-06
24.075 -67.7621 7.00019e-05 5.13329e-06
24.1 -67.7639 7.00019e-05 5.13134e-06
24.125 -67.7657 7.00018e-05 5.12942e-06
24.15 -67.7676 7.00018e-05 5.12751e-06
24.175 -67.7694 7.00018e-05 5.12563e-06
24.2 -67.7712 7.00017e-05 5.12376e-06
24.225 -67.773 7.00017e-05 5.12192e-06
24.25 -67.7748 7.00016e-05 5.12009e-06
24.275 -67.7766 7.00016e-05 5.11828e-06
24.3 -67.7784 7.00015e-05 5.1165e-06
24.325 -67.7802 7.00015e-05 5.11472e-06
24.35 -67.782 7.00015e-05 5.11297e-06
24.375 -67.7838 7.00014e-05 5.11124e-06
24.4 -67.7855 7.00014e-05 5.10952e-06
24.425 -67.7873 7.00014e-05 5.10781e-06
24.45 -67.7891 7.00013e-05 5.10613e-06
24.475 -67.7909 7.00013e-05 5.10445e-06
24.5 -67.7926 7.00013e-05 5.1028e-06
24.525 -67.7944 7.00012e-05 5.10116e-06
24.55 -67.7962 7.00012e-05 5.09953e-06
24.575 -67.7979 7.00012e-05 5.09792e-06
24.6 -67.7997 7.00012e-05 5.09632e-06
24.625 -67.8014 7.00011e-05 5.09474e-06
24.65 -67.8032 7.00011e-05 5.09316e-06
24.675 -67.8049 7.00011e-05 5.09161e-06
24.7 -67.8067 7.0001e-05 5.09006e-06
24.725 -67.8084 7.0001e-05 5.08853e-06
24.75 -67.8102 7.0001e-05 5.08701e-06
24.775 -67.8119 7.0001e-05 5.0855e-06
24.8 -67.8136 7.00009e-05 5.08401e-06
24.825 -67.8153 7.00009e-05 5.08252e-06
24.85 -67.8171 7.00009e-05 5.08105e-06
24.875 -67.8188 7.00009e-05 5.07959e-06
24.9 -67.8205 7.00009e-05 5.07813e-06
24.925 -67.8222 7.00008e-05 5.07669e-06
24.95 -67.8239 7.00008e-05 5.07526e-06
24.975 -67.8256 7.00008e-05 5.07384e-06
25 -67.8274 7.00008e-05 5.07243e-06
25.025 -67.8291 7.00008e-05 5.07103e-06
25.05 -67.8308 7.00007e-05 5.06964e-06
25.075 -67.8325 7.00007e-05 5.06826e-06
25.1 -67.8342 7.00007e-05 5.06689e-06
25.125 -67.8358 7.00007e-05 5.06553e-06
25.15 -67.8375 7.00007e-05 5.06417e-06
25.175 -67.8392 7.00007e-05 5.06283e-06
25.2 -67.8409 7.00006e-05 5.06149e-06
25.225 -67.8426 7.00006e-05 5.06016e-06
25.25 -67.8443 7.00006e-05 5.05884e-06
25.275 -67.8459 7.00006e-05 5.05753e-06
25.3 -67.8476 7.00006e-05 5.05623e-06
25.325 -67.8493 7.00006e-05 5.05493e-06
25.35 -67.851 7.00006e-05 5.05364e-06
25.375 -67.8526 7.00005e-05 5.05236e-06
25.4 -67.8543 7.00005e-05 5.05108e-06
25.425 -67.8559 7.00005e-05 5.04982e-06
25.45 -67.8576 7.00005e-05 5.04856e-06
25.475 -67.8593 7.00005e-05 5.0473e-06
25.5 -67.8609 7.00005e-05 5.04605e-06
25.525 -67.8626 7.00005e-05 5.04481e-06
25.55 -67.8642 7.00005e-05 5.04358e-06
25.575 -67.8659 7.00004e-05 5.04235e-06
25.6 -67.8675 7.00004e-05 5.04113e-06
25.625 -67.8691 7.00004e-05 5.03991e-06
25.65 -67.8708 7.00004e-05 5.0387e-06
25.675 -67.8724 7.00004e-05 5.0375e-06
25.7 -67.874 7.00004e-05 5.0363e-06
25.725 -67.8757 7.00004e-05 5.03511e-06
25.75 -67.8773 7.00004e-05 5.03392e-06
25.775 -67.8789 7.00004e-05 5.03274e-06
25.8 -67.8806 7.00004e-05 5.03157e-06
25.825 -67.8822 7.00003e-05 5.0304e-06
25.85 -67.8838 7.00003e-05 5.02923e-06
25.875 -67.8854 7.00003e-05 5.02807e-06
25.9 -67.887 7.00003e-05 5.02691e-06
25.925 -67.8886 7.00003e-05 5.02576e-06
25.95 -67.8902 7.00003e-05 5.02462e-06
25.975 -67.8919 7.00003e-05 5.02348e-06
26 -67.8935 7.00003e-05 5.02234e-06
26.025 -67.8951 7.00003e-05 5.02121e-06
26.05 -67.8967 7.00003e-05 5.02008e-06
26.075 -67.8983 7.00003e-05 5.01896e-06
26.1 -67.8999 7.00003e-05 5.01784e-06
26.125 -67.9014 7.00003e-05 5.01672e-06
26.15 -67.903 7.00003e-05 5.01561e-06
26.175 -67.9046 7.00002e-05 5.01451e-06
26.2 -67.9062 7.00002e-05 5.0134e-06
26.225 -67.9078 7.00002e-05 5.01231e-06
26.25 -67.9094 7.00002e-05 5.01121e-06
26.275 -67.911 7.00002e-05 5.01012e-06
26.3 -67.9125 7.00002e-05 5.00903e-06
26.325 -67.9141 7.00002e-05 5.00795e-06
26.35 -67.9157 7.00002e-05 5.00687e-06
26.375 -67.9173 7.00002e-05 5.00579e-06
26.4 -67.9188 7.00002e-05 5.00472e-06
26.425 -67.9204 7.00002e-05 5.00365e-06
26.45 -67.922 7.00002e-05 5.00259e-06
26.475 -67.9235 7.00002e-05 5.00153e-06
26.5 -67.9251 7.00002e-05 5.00047e-06
26.525 -67.9267 7.00002e-05 4.99941e-06
26.55 -67.9282 7.00002e-05 4.99836e-06
26.575 -67.9298 7.00002e-05 4.99731e-06
26.6 -67.9313 7.00002e-05 4.99626e-06
26.625 -67.9329 7.00002e-05 4.99522e-06
26.65 -67.9344 7.00002e-05 4.99418e-06
26.675 -67.936 7.00002e-05 4.99314e-06
26.7 -67.9375 7.00002e-05 4.99211e-06
26.725 -67.9391 7.00001e-05 4.99108e-06
26.75 -67.9406 7.00001e-05 4.99005e-06
26.775 -67.9421 7.00001e-05 4.98903e-06
26.8 -67.9437 7.00001e-05 4.988e-06
26.825 -67.9452 7.00001e-05 4.98698e-06
26.85 -67.9468 7.00001e-05 4.98597e-06
26.875 -67.9483 7.00001e-05 4.98495e-06
26.9 -67.9498 7.00001e-05 4.98394e-06
26.925 -67.9513 7.00001e-05 4.98293e-06
26.95 -67.9529 7.00001e-05 4.98192e-06
26.975 -67.9544 7.00001e-05 4.98092e-06
27 -67.9559 7.00001e-05 4.97992e-06
27.025 -67.9574 7.00001e-05 4.97892e-06
27.05 -67.959 7.00001e-05 4.97792e-06
27.075 -67.9605 7.00001e-05 4.97693e-06
27.1 -67.962 7.00001e-05 4.97593e-06
27.125 -67.9635 7.00001e-05 4.97494e-06
27.15 -67.965 7.00001e-05 4.97396e-06
27.175 -67.9665 7.00001e-05 4.97297e-06
27.2 -67.968 7.00001e-05 4.97199e-06
27.225 -67.9695 7.00001e-05 4.97101e-06
27.25 -67.9711 7.00001e-05 4.97003e-06
27.275 -67.9726 7.00001e-05 4.96905e-06
27.3 -67.9741 7.00001e-05 4.96808e-06
27.325 -67.9756 7.00001e-05 4.96711e-06
27.35 -67.9771 7.00001e-05 4.96614e-06
27.375 -67.9785 7.00001e-05 4.96517e-06
27.4 -67.98 7.00001e-05 4.9642e-06
27.425 -67.9815 7.00001e-05 4.96324e-06
27.45 -67.983 7.00001e-05 4.96228e-06
27.475 -67.9845 7.00001e-05 4.96132e-06
27.5 -67.986 7.00001e-05 4.96036e-06
27.525 -67.9875 7.00001e-05 4.9594e-06
27.55 -67.989 7.00001e-05 4.95845e-06
27.575 -67.9905 7.00001e-05 4.95749e-06
27.6 -67.9919 7.00001e-05 4.95654e-06
27.625 -67.9934 7.00001e-05 4.95559e-06
27.65 -67.9949 7.00001e-05 4.95465e-06
27.675 -67.9964 7.00001e-05 4.9537e-06
27.7 -67.9978 7.00001e-05 4.95276e-06
27.725 -67.9993 7.00001e-05 4.95182e-06
27.75 -68.0008 7.00001e-05 4.95088e-06
27.775 -68.0023 7.00001e-05 4.94994e-06
27.8 -68.0037 7.00001e-05 4.949e-06
27.825 -68.0052 7.00001e-05 4.94807e-06
27.85 -68.0067 7.00001e-05 4.94713e-06
27.875 -68.0081 7.00001e-05 4.9462e-06
27.9 -68.0096 7.00001e-05 4.94527e-06
27.925 -68.011 7.00001e-05 4.94434e-06
27.95 -68.0125 7.00001e-05 4.94342e-06
27.975 -68.014 7.00001e-05 4.94249e-06
28 -68.0154 7.00001e-05 4.94157e-06
28.025 -68.0169 7.00001e-05 4.94065e-06
28.05 -68.0183 7e-05 4.93973e-06
28.075 -68.0198 7e-05 4.93881e-06
28.1 -68.0212 7e-05 4.93789e-06
28.125 -68.0227 7e-05 4.93698e-06
28.15 -68.0241 7e-05 4.93606e-06
28.175 -68.0256 7e-05 4.93515e-06
28.2 -68.027 7e-05 4.93424e-06
28.225 -68.0284 7e-05 4.93333e-06
28.25 -68.0299 7e-05 4.93242e-06
28.275 -68.0313 7e-05 4.93151e-06
28.3 -68.0328 7e-05 4.93061e-06
28.325 -68.0342 7e-05 4.9297e-06
28.35 -68.0356 7e-05 4.9288e-06
28.375 -68.0371 7e-05 4.9279e-06
28.4 -68.0385 7e-05 4.927e-06
28.425 -68.0399 7e-05 4.9261e-06
28.45 -68.0414 7e-05 4.9252e-06
28.475 -68.0428 7e-05 4.92431e-06
28.5 -68.0442 7e-05 4.92341e-06
28.525 -68.0456 7e-05 4.92252e-06
28.55 -68.047 7e-05 4.92163e-06
28.575 -68.0485 7e-05 4.92074e-06
28.6 -68.0499 7e-05 4.91985e-06
28.625 -68.0513 7e-05 4.91896e-06
28.65 -68.0527 7e-05 4.91807e-06
28.675 -68.0541 7e-05 4.91719e-06
28.7 -68.0556 7e-05 4.9163e-06
28.725 -68.057 7e-05 4.91542e-06
28.75 -68.0584 7e-05 4.91454e-06
28.775 -68.0598 7e-05 4.91366e-06
28.8 -68.0612 7e-05 4.91278e-06
28.825 -68.0626 7e-05 4.9119e-06
28.85 -68.064 7e-05 4.91102e-06
28.875 -68.0654 7e-05 4.91015e-06
28.9 -68.0668 7e-05 4.90927e-06
28.925 -68.0682 7e-05 4.9084e-06
28.95 -68.0696 7e-05 4.90753e-06
28.975 -68.071 7e-05 4.90666e-06
29 -68.0724 7e-05 4.90579e-06
29.025 -68.0738 7e-05 4.90492e-06
29.05 -68.0752 7e-05 4.90405e-06
29.075 -68.0766 7e-05 4.90318e-06
29.1 -68.078 7e-05 4.90232e-06
29.125 -68.0794 7e-05 4.90145e-06
29.15 -68.0808 7e-05 4.90059e-06
29.175 -68.0822 7e-05 4.89973e-06
29.2 -68.0835 7e-05 4.89887e-06
29.225 -68.0849 7e-05 4.89801e-06
29.25 -68.0863 7e-05 4.89715e-06
29.275 -68.0877 7e-05 4.89629e-06
29.3 -68.0891 7e-05 4.89544e-06
29.325 -68.0905 7e-05 4.89458e-06
29.35 -68.0918 7e-05 4.89373e-06
29.375 -68.0932 7e-05 4.89287e-06
29.4 -68.0946 7e-05 4.89202e-06
29.425 -68.096 7e-05 4.89117e-06
29.45 -68.0973 7e-05 4.89032e-06
29.475 -68.0987 7e-05 4.88947e-06
29.5 -68.1001 7e-05 4.88862e-06
29.525 -68.1014 7e-05 4.88778e-06
29.55 -68.1028 7e-05 4.88693e-06
29.575 -68.1042 7e-05 4.88609e-06
29.6 -68.1055 7e-05 4.88524e-06
29.625 -68.1069 7e-05 4.8844e-06
29.65 -68.1083 7e-05 4.88356e-06
29.675 -68.1096 7e-05 4.88272e-06
29.7 -68.111 7e-05 4.88188e-06
29.725 -68.1124 7e-05 4.88104e-06
29.75 -68.1137 7e-05 4.8802e-06
29.775 -68.1151 7e-05 4.87936e-06
29.8 -68.1164 7e-05 4.87853e-06
29.825 -68.1178 7e-05 4.87769e-06
29.85 -68.1191 7e-05 4.87686e-06
29.875 -68.1205 7e-05 4.87603e-06
29.9 -68.1218 7e-05 4.87519e-06
29.925 -68.1232 7e-05 4.87436e-06
29.95 -68.1245 7e-05 4.87353e-06
29.975 -68.1259 7e-05 4.8727e-06
