0 -70 7e-05 3.8279e-06
0.025 -70.0001 7e-05 3.82789e-06
0.05 -70.0001 7e-05 3.82788e-06
0.075 -70.0001 7e-05 3.82787e-06
0.1 -70.0002 7e-05 3.82786e-06
0.125 -70.0002 7e-05 3.82785e-06
0.15 -70.0002 7e-05 3.82784e-06
0.175 -70.0002 7e-05 3.82784e-06
0.2 -70.0002 7e-05 3.82783e-06
0.225 -70.0003 7e-05 3.82783e-06
0.25 -70.0003 7e-05 3.82782e-06
0.275 -70.0003 7e-05 3.82781e-06
0.3 -70.0003 7e-05 3.82781e-06
0.325 -70.0003 7e-05 3.8278e-06
0.35 -70.0003 7e-05 3.8278e-06
0.375 -70.0004 7e-05 3.82779e-06
0.4 -70.0004 7e-05 3.82779e-06
0.425 -70.0004 7e-05 3.82778e-06
0.45 -70.0004 7e-05 3.82778e-06
0.475 -70.0004 7e-05 3.82777e-06
0.5 -70.0004 7e-05 3.82777e-06
0.525 -70.0004 7e-05 3.82776e-06
0.55 -70.0004 7e-05 3.82776e-06
0.575 -70.0005 7e-05 3.82775e-06
0.6 -70.0005 7e-05 3.82775e-06
0.625 -70.0005 7e-05 3.82774e-06
0.65 -70.0005 7e-05 3.82774e-06
0.675 -70.0005 7e-05 3.82774e-06
0.7 -70.0005 7e-05 3.82773e-06
0.725 -70.0005 7e-05 3.82773e-06
0.75 -70.0005 7e-05 3.82772e-06
0.775 -70.0005 7e-05 3.82772e-06
0.8 -70.0005 7e-05 3.82771e-06
0.825 -70.0005 7e-05 3.82771e-06
0.85 -70.0006 7e-05 3.8277e-06
0.875 -70.0006 7e-05 3.8277e-06
0.9 -70.0006 7e-05 3.8277e-06
0.925 -70.0006 7e-05 3.82769e-06
0.95 -70.0006 7e-05 3.82769e-06
0.975 -70.0006 7e-05 3.82768e-06
1 -70.0006 7e-05 3.82768e-06
1.025 -70.0006 7e-05 3.82768e-06
1.05 -70.0006 7e-05 3.82767e-06
1.075 -70.0006 7e-05 3.82767e-06
1.1 -70.0006 7e-05 3.82766e-06
1.125 -70.0006 7e-05 3.82766e-06
1.15 -70.0006 7e-05 3.82766e-06
1.175 -70.0007 7e-05 3.82765e-06
1.2 -70.0007 7e-05 3.82765e-06
1.225 -70.0007 7e-05 3.82765e-06
1.25 -70.0007 7e-05 3.82764e-06
1.275 -70.0007 7e-05 3.82764e-06
1.3 -70.0007 7e-05 3.82763e-06
1.325 -70.0007 7e-05 3.82763e-06
1.35 -70.0007 7e-05 3.82763e-06
1.375 -70.0007 7e-05 3.82762e-06
1.4 -70.0007 7e-05 3.82762e-06
1.425 -70.0007 7e-05 3.82762e-06
1.45 -70.0007 7e-05 3.82761e-06
1.475 -70.0007 7e-05 3.82761e-06
1.5 -70.0007 7e-05 3.82761e-06
1.525 -70.0007 7e-05 3.8276e-06
1.55 -70.0008 7e-05 3.8276e-06
1.575 -70.0008 7e-05 3.8276e-06
1.6 -70.0008 7e-05 3.82759e-06
1.625 -70.0008 7e-05 3.82759e-06
1.65 -70.0008 7e-05 3.82759e-06
1.675 -70.0008 7e-05 3.82758e-06
1.7 -70.0008 7e-05 3.82758e-06
1.725 -70.0008 7e-05 3.82758e-06
1.75 -70.0008 7e-05 3.82757e-06
1.775 -70.0008 7e-05 3.82757e-06
1.8 -70.0008 7e-05 3.82757e-06
1.825 -70.0008 7e-05 3.82756e-06
1.85 -70.0008 7e-05 3.82756e-06
1.875 -70.0008 7e-05 3.82756e-06
1.9 -70.0008 7e-05 3.82755e-06
1.925 -70.0008 7e-05 3.82755e-06
1.95 -70.0008 7e-05 3.82755e-06
1.975 -70.0008 7e-05 3.82754e-06
2 -70.0009 7e-05 3.82754e-06
2.025 -70.0009 7e-05 3.82754e-06
2.05 -70.0009 7e-05 3.82754e-06
2.075 -70.0009 7e-05 3.82753e-06
2.1 -70.0009 7e-05 3.82753e-06
2.125 -70.0009 7e-05 3.82753e-06
2.15 -70.0009 7e-05 3.82752e-06
2.175 -70.0009 7e-05 3.82752e-06
2.2 -70.0009 7e-05 3.82752e-06
2.225 -70.0009 7e-05 3.82752e-06
2.25 -70.0009 7e-05 3.82751e-06
2.275 -70.0009 7e-05 3.82751e-06
2.3 -70.0009 7e-05 3.82751e-06
2.325 -70.0009 7e-05 3.8275e-06
2.35 -70.0009 7e-05 3.8275e-06
2.375 -70.0009 7e-05 3.8275e-06
2.4 -70.0009 7e-05 3.8275e-06
2.425 -70.0009 7e-05 3.82749e-06
2.45 -70.0009 7e-05 3.82749e-06
2.475 -70.0009 7e-05 3.82749e-06
2.5 -70.0009 7e-05 3.82749e-06
2.525 -70.001 7e-05 3.82748e-06
2.55 -70.001 7e-05 3.82748e-06
2.575 -70.001 7e-05 3.82748e-06
2.6 -70.001 7e-05 3.82747e-06
2.625 -70.001 7e-05 3.82747e-06
2.65 -70.001 7e-05 3.82747e-06
2.675 -70.001 7e-05 3.82747e-06
2.7 -70.001 7e-05 3.82746e-06
2.725 -70.001 7e-05 3.82746e-06
2.75 -70.001 7e-05 3.82746e-06
2.775 -70.001 7e-05 3.82746e-06
2.8 -70.001 7e-05 3.82745e-06
2.825 -70.001 7e-05 3.82745e-06
2.85 -70.001 7e-05 3.82745e-06
2.875 -70.001 7e-05 3.82745e-06
2.9 -70.001 7e-05 3.82744e-06
2.925 -70.001 7e-05 3.82744e-06
2.95 -70.001 7e-05 3.82744e-06
2.975 -70.001 7e-05 3.82744e-06
3 -70.001 7e-05 3.82743e-06
3.025 -70.001 7e-05 3.82743e-06
3.05 -70.001 7e-05 3.82743e-06
3.075 -70.0011 7e-05 3.82743e-06
3.1 -70.0011 7e-05 3.82743e-06
3.125 -70.0011 7e-05 3.82742e-06
3.15 -70.0011 7e-05 3.82742e-06
3.175 -70.0011 7e-05 3.82742e-06
3.2 -70.0011 7e-05 3.82742e-06
3.225 -70.0011 7e-05 3.82741e-06
3.25 -70.0011 7e-05 3.82741e-06
3.275 -70.0011 7e-05 3.82741e-06
3.3 -70.0011 7e-05 3.82741e-06
3.325 -70.0011 7e-05 3.8274e-06
3.35 -70.0011 7e-05 3.8274e-06
3.375 -70.0011 7e-05 3.8274e-06
3.4 -70.0011 7e-05 3.8274e-06
3.425 -70.0011 7e-05 3.8274e-06
3.45 -70.0011 7e-05 3.82739e-06
3.475 -70.0011 7e-05 3.82739e-06
3.5 -70.0011 7e-05 3.82739e-06
3.525 -70.0011 7e-05 3.82739e-06
3.55 -70.0011 7e-05 3.82738e-06
3.575 -70.0011 7e-05 3.82738e-06
3.6 -70.0011 7e-05 3.82738e-06
3.625 -70.0011 7e-05 3.82738e-06
3.65 -70.0011 7e-05 3.82738e-06
3.675 -70.0011 7e-05 3.82737e-06
3.7 -70.0012 7e-05 3.82737e-06
3.725 -70.0012 7e-05 3.82737e-06
3.75 -70.0012 7e-05 3.82737e-06
3.775 -70.0012 7e-05 3.82736e-06
3.8 -70.0012 7e-05 3.82736e-06
3.825 -70.0012 7e-05 3.82736e-06
3.85 -70.0012 7e-05 3.82736e-06
3.875 -70.0012 7e-05 3.82736e-06
3.9 -70.0012 7e-05 3.82735e-06
3.925 -70.0012 7e-05 3.82735e-06
3.95 -70.0012 7e-05 3.82735e-06
3.975 -70.0012 7e-05 3.82735e-06
4 -70.0012 7e-05 3.82735e-06
4.025 -70.0012 7e-05 3.82734e-06
4.05 -70.0012 7e-05 3.82734e-06
4.075 -70.0012 7e-05 3.82734e-06
4.1 -70.0012 7e-05 3.82734e-06
4.125 -70.0012 7e-05 3.82734e-06
4.15 -70.0012 7e-05 3.82733e-06
4.175 -70.0012 7e-05 3.82733e-06
4.2 -70.0012 7e-05 3.82733e-06
4.225 -70.0012 7e-05 3.82733e-06
4.25 -70.0012 7e-05 3.82733e-06
4.275 -70.0012 7e-05 3.82732e-06
4.3 -70.0012 7e-05 3.82732e-06
4.325 -70.0012 7e-05 3.82732e-06
4.35 -70.0012 7e-05 3.82732e-06
4.375 -70.0013 7e-05 3.82732e-06
4.4 -70.0013 7e-05 3.82731e-06
4.425 -70.0013 7e-05 3.82731e-06
4.45 -70.0013 7e-05 3.82731e-06
4.475 -70.0013 7e-05 3.82731e-06
4.5 -70.0013 7e-05 3.82731e-06
4.525 -70.0013 7e-05 3.8273e-06
4.55 -70.0013 7e-05 3.8273e-06
4.575 -70.0013 7e-05 3.8273e-06
4.6 -70.0013 7e-05 3.8273e-06
4.625 -70.0013 7e-05 3.8273e-06
4.65 -70.0013 7e-05 3.82729e-06
4.675 -70.0013 7e-05 3.82729e-06
4.7 -70.0013 7e-05 3.82729e-06
4.725 -70.0013 7e-05 3.82729e-06
4.75 -70.0013 7e-05 3.82729e-06
4.775 -70.0013 7e-05 3.82729e-06
4.8 -70.0013 7e-05 3.82728e-06
4.825 -70.0013 7e-05 3.82728e-06
4.85 -70.0013 7e-05 3.82728e-06
4.875 -70.0013 7e-05 3.82728e-06
4.9 -70.0013 7e-05 3.82728e-06
4.925 -70.0013 7e-05 3.82727e-06
4.95 -70.0013 7e-05 3.82727e-06
4.975 -70.0013 7e-05 3.82727e-06
5 -70.0013 7e-05 3.82727e-06
5.025 -66.4321 7e-05 4.73803e-06
5.05 -63.7169 7e-05 5.46529e-06
5.075 -61.4318 7e-05 6.12466e-06
5.1 -59.4278 7e-05 6.76019e-06
5.125 -57.6282 7e-05 7.39655e-06
5.15 -55.9857 7e-05 8.05032e-06
5.175 -54.4681 7e-05 8.73394e-06
5.2 -53.0518 7e-05 9.45736e-06
5.225 -51.7187 7.00001e-05 1.02291e-05
5.25 -50.4542 7.00001e-05 1.10569e-05
5.275 -49.2454 7.00002e-05 1.19483e-05
5.3 -48.0808 7.00003e-05 1.29109e-05
5.325 -46.9486 7.00005e-05 1.39533e-05
5.35 -45.8362 7.00008e-05 1.50855e-05
5.375 -44.7297 7.00011e-05 1.632e-05
5.4 -43.6123 7.00017e-05 1.76728e-05
5.425 -42.4632 7.00025e-05 1.91658e-05
5.45 -41.2559 7.00036e-05 2.08289e-05
5.475 -39.955 7.00051e-05 2.27052e-05
5.5 -38.5114 7.00073e-05 2.48579e-05
5.525 -36.8546 7.00105e-05 2.73842e-05
5.55 -34.8779 7.00152e-05 3.04391e-05
5.575 -32.4148 7.00223e-05 3.42832e-05
5.6 -29.1951 7.00333e-05 3.93813e-05
5.625 -24.7773 7.00516e-05 4.66181e-05
5.65 -18.4832 7.00846e-05 5.77936e-05
5.675 -9.54739 7.01513e-05 7.67953e-05
5.7 1.96498 7.03152e-05 0.000108648
5.725 13.9968 7.08601e-05 0.00015354
5.75 23.8755 7.35346e-05 0.000214045
5.775 30.6013 8.96557e-05 0.0002936
5.8 34.7722 0.000169243 0.000410746
5.825 37.3566 0.000423707 0.000672744
5.85 39.0325 0.000958331 0.00169562
5.875 40.1374 0.00180128 0.00673323
5.9 40.7509 0.00291389 0.024941
5.925 40.8124 0.00422461 0.0658056
5.95 40.2443 0.00565876 0.132032
5.975 39.026 0.00715856 0.218719
6 37.2046 0.00869129 0.31735
6.025 32.7024 0.0102467 0.412384
6.05 29.0096 0.0118292 0.502478
6.075 25.5 0.0135467 0.586648
6.1 22.0189 0.0153477 0.663311
6.125 18.5406 0.0172181 0.731363
6.15 15.0818 0.0191536 0.790284
6.175 11.6709 0.0211519 0.840042
6.2 8.33655 0.0232091 0.88097
6.225 5.10205 0.0253192 0.913634
6.25 1.98335 0.0274735 0.938728
6.275 -1.01193 0.02966 0.956982
6.3 -3.88466 0.0318642 0.969087
6.325 -6.6441 0.0340686 0.975642
6.35 -9.30721 0.0362526 0.977113
6.375 -11.8978 0.0383933 0.973814
6.4 -14.4457 0.0404647 0.965902
6.425 -16.9855 0.0424379 0.953385
6.45 -19.5559 0.0442815 0.93613
6.475 -22.1985 0.0459604 0.913899
6.5 -24.9561 0.0474365 0.886382
6.525 -27.8695 0.0486679 0.853271
6.55 -30.9704 0.0496103 0.814395
6.575 -34.2698 0.0502192 0.769917
6.6 -37.74 0.0504562 0.720637
6.625 -41.2949 0.0503011 0.668294
6.65 -44.7846 0.049769 0.615626
6.675 -48.0277 0.0489263 0.565829
6.7 -50.8821 0.0478829 0.521413
6.725 -53.2995 0.0467528 0.483352
6.75 -55.3137 0.045611 0.451272
6.775 -56.9932 0.0444882 0.424207
6.8 -58.4076 0.0433917 0.401137
6.825 -59.6146 0.042322 0.381211
6.85 -60.657 0.0412788 0.363788
6.875 -61.5654 0.0402614 0.348412
6.9 -62.3618 0.0392691 0.334747
6.925 -63.0637 0.0383012 0.322531
6.95 -63.6856 0.0373573 0.311542
6.975 -64.24 0.0364367 0.30159
7 -64.7374 0.0355388 0.292515
7.025 -65.1865 0.0346631 0.284183
7.05 -65.5942 0.0338089 0.276489
7.075 -65.9661 0.0329759 0.269347
7.1 -66.3066 0.0321635 0.262689
7.125 -66.6194 0.0313711 0.256459
7.15 -66.9075 0.0305983 0.250607
7.175 -67.1737 0.0298445 0.245093
7.2 -67.4202 0.0291094 0.239879
7.225 -67.649 0.0283924 0.234935
7.25 -67.8619 0.0276931 0.230233
7.275 -68.0602 0.0270111 0.225751
7.3 -68.2454 0.0263459 0.221466
7.325 -68.4184 0.0256972 0.217362
7.35 -68.5803 0.0250644 0.213424
7.375 -68.7319 0.0244473 0.209636
7.4 -68.8738 0.0238454 0.205988
7.425 -69.0067 0.0232584 0.202468
7.45 -69.1311 0.0226859 0.199067
7.475 -69.2476 0.0221275 0.195776
7.5 -69.3566 0.0215829 0.192587
7.525 -69.4585 0.0210517 0.189494
7.55 -69.5536 0.0205337 0.186489
7.575 -69.6423 0.0200285 0.183567
7.6 -69.7247 0.0195357 0.180723
7.625 -69.8012 0.0190551 0.177952
7.65 -69.8719 0.0185863 0.175249
7.675 -69.9371 0.0181292 0.172609
7.7 -69.997 0.0176833 0.17003
7.725 -70.0518 0.0172484 0.167507
7.75 -70.1015 0.0168243 0.165038
7.775 -70.1465 0.0164106 0.162617
7.8 -70.1868 0.0160071 0.160244
7.825 -70.2225 0.0156137 0.157913
7.85 -70.2539 0.0152299 0.155624
7.875 -70.281 0.0148556 0.153373
7.9 -70.3041 0.0144905 0.151157
7.925 -70.3232 0.0141345 0.148975
7.95 -70.3384 0.0137872 0.146823
7.975 -70.3499 0.0134486 0.144701
8 -70.3579 0.0131182 0.142605
8.025 -70.3624 0.0127961 0.140535
8.05 -70.3635 0.0124819 0.138488
8.075 -70.3614 0.0121754 0.136462
8.1 -70.3561 0.0118765 0.134457
8.125 -70.3479 0.011585 0.132471
8.15 -70.3367 0.0113007 0.130503
8.175 -70.3227 0.0110234 0.128551
8.2 -70.3059 0.010753 0.126615
8.225 -70.2865 0.0104892 0.124693
8.25 -70.2646 0.010232 0.122785
8.275 -70.2402 0.00998108 0.12089
8.3 -70.2133 0.00973637 0.119007
8.325 -70.1842 0.00949771 0.117136
8.35 -70.1527 0.00926494 0.115276
8.375 -70.1191 0.00903791 0.113427
8.4 -70.0833 0.00881649 0.111588
8.425 -70.0454 0.00860054 0.10976
8.45 -70.0054 0.00838992 0.107941
8.475 -69.9635 0.0081845 0.106131
8.5 -69.9195 0.00798415 0.104331
8.525 -69.8737 0.00778875 0.10254
8.55 -69.8259 0.00759818 0.100757
8.575 -69.7763 0.00741231 0.0989839
8.6 -69.7248 0.00723102 0.097219
8.625 -69.6715 0.00705422 0.0954627
8.65 -69.6164 0.00688178 0.0937148
8.675 -69.5595 0.00671359 0.0919753
8.7 -69.5008 0.00654956 0.0902442
8.725 -69.4404 0.00638958 0.0885214
8.75 -69.3785 0.00623355 0.0868233
8.775 -69.3155 0.00608137 0.0851588
8.8 -69.2516 0.00593295 0.0835259
8.825 -69.1871 0.00578819 0.0819231
8.85 -69.1219 0.00564701 0.0803489
8.875 -69.0564 0.00550931 0.0788023
8.9 -68.9905 0.00537502 0.0772825
8.925 -68.9244 0.00524404 0.0757885
8.95 -68.8581 0.00511629 0.0743197
8.975 -68.7918 0.00499169 0.0728755
9 -68.7254 0.00487018 0.0714554
9.025 -68.659 0.00475166 0.0700589
9.05 -68.5926 0.00463607 0.0686854
9.075 -68.5264 0.00452333 0.0673347
9.1 -68.4603 0.00441338 0.0660064
9.125 -68.3944 0.00430614 0.0647
9.15 -68.3287 0.00420155 0.0634153
9.175 -68.2633 0.00409954 0.062152
9.2 -68.1981 0.00400005 0.0609098
9.225 -68.1332 0.00390302 0.0596884
9.25 -68.0686 0.00380838 0.0584875
9.275 -68.0043 0.00371608 0.0573069
9.3 -67.9405 0.00362606 0.0561463
9.325 -67.8769 0.00353826 0.0550055
9.35 -67.8138 0.00345263 0.0538842
9.375 -67.7512 0.00336911 0.0527822
9.4 -67.6889 0.00328766 0.0516993
9.425 -67.6271 0.00320821 0.0506352
9.45 -67.5658 0.00313073 0.0495898
9.475 -67.505 0.00305516 0.0485627
9.5 -67.4447 0.00298145 0.0475537
9.525 -67.3849 0.00290957 0.0465627
9.55 -67.3257 0.00283946 0.0455894
9.575 -67.267 0.00277108 0.0446336
9.6 -67.2089 0.00270439 0.043695
9.625 -67.1513 0.00263935 0.0427735
9.65 -67.0944 0.00257591 0.0418687
9.675 -67.038 0.00251404 0.0409806
9.7 -66.9823 0.0024537 0.0401089
9.725 -66.9272 0.00239484 0.0392532
9.75 -66.8727 0.00233744 0.0384136
9.775 -66.8189 0.00228146 0.0375896
9.8 -66.7658 0.00222686 0.0367811
9.825 -66.7133 0.00217361 0.0359879
9.85 -66.6615 0.00212167 0.0352097
9.875 -66.6104 0.00207101 0.0344464
9.9 -66.5599 0.00202161 0.0336977
9.925 -66.5102 0.00197342 0.0329633
9.95 -66.4612 0.00192643 0.0322432
9.975 -66.4129 0.00188059 0.031537
10 -66.3653 0.00183589 0.0308446
10.025 -66.3185 0.00179229 0.0301658
10.05 -66.2723 0.00174976 0.0295003
10.075 -66.227 0.00170829 0.0288479
10.1 -66.1823 0.00166784 0.0282084
10.125 -66.1385 0.00162839 0.0275817
10.15 -66.0953 0.00158991 0.0269675
10.175 -66.0529 0.00155239 0.0263655
10.2 -66.0113 0.00151579 0.0257757
10.225 -65.9705 0.00148009 0.0251978
10.25 -65.9304 0.00144527 0.0246317
10.275 -65.891 0.00141132 0.024077
10.3 -65.8524 0.0013782 0.0235337
10.325 -65.8146 0.0013459 0.0230015
10.35 -65.7776 0.0013144 0.0224802
10.375 -65.7413 0.00128367 0.0219698
10.4 -65.7058 0.00125371 0.0214698
10.425 -65.671 0.00122448 0.0209803
10.45 -65.637 0.00119598 0.020501
10.475 -65.6038 0.00116818 0.0200317
10.5 -65.5713 0.00114106 0.0195723
10.525 -65.5396 0.00111462 0.0191226
10.55 -65.5087 0.00108883 0.0186823
10.575 -65.4784 0.00106367 0.0182514
10.6 -65.449 0.00103914 0.0178297
10.625 -65.4202 0.00101521 0.0174169
10.65 -65.3923 0.000991874 0.017013
10.675 -65.365 0.000969112 0.0166178
10.7 -65.3385 0.000946913 0.016231
10.725 -65.3127 0.000925262 0.0158527
10.75 -65.2876 0.000904146 0.0154825
10.775 -65.2633 0.000883551 0.0151203
10.8 -65.2396 0.000863464 0.0147661
10.825 -65.2167 0.000843873 0.0144196
10.85 -65.1944 0.000824766 0.0140807
10.875 -65.1729 0.000806131 0.0137492
10.9 -65.152 0.000787956 0.0134251
10.925 -65.1318 0.00077023 0.0131081
10.95 -65.1123 0.000752941 0.0127981
10.975 -65.0935 0.000736079 0.012495
11 -65.0753 0.000719633 0.0121987
11.025 -65.0578 0.000703594 0.0119089
11.05 -65.0409 0.00068795 0.0116257
11.075 -65.0246 0.000672693 0.0113488
11.1 -65.009 0.000657813 0.0110782
11.125 -64.994 0.000643299 0.0108136
11.15 -64.9796 0.000629145 0.010555
11.175 -64.9658 0.000615339 0.0103023
11.2 -64.9527 0.000601875 0.0100554
11.225 -64.9401 0.000588743 0.009814
11.25 -64.9281 0.000575935 0.00957816
11.275 -64.9166 0.000563443 0.00934771
11.3 -64.9058 0.00055126 0.00912253
11.325 -64.8954 0.000539378 0.00890253
11.35 -64.8857 0.000527789 0.0086876
11.375 -64.8765 0.000516486 0.00847762
11.4 -64.8678 0.000505462 0.00827249
11.425 -64.8596 0.000494711 0.00807211
11.45 -64.852 0.000484225 0.00787638
11.475 -64.8448 0.000473997 0.0076852
11.5 -64.8382 0.000464023 0.00749847
11.525 -64.8321 0.000454294 0.00731611
11.55 -64.8264 0.000444806 0.007138
11.575 -64.8212 0.000435552 0.00696407
11.6 -64.8165 0.000426526 0.00679421
11.625 -64.8122 0.000417724 0.00662835
11.65 -64.8084 0.000409138 0.0064664
11.675 -64.8051 0.000400765 0.00630827
11.7 -64.8021 0.000392598 0.00615387
11.725 -64.7996 0.000384633 0.00600312
11.75 -64.7975 0.000376865 0.00585595
11.775 -64.7958 0.000369289 0.00571227
11.8 -64.7945 0.000361899 0.00557201
11.825 -64.7937 0.000354692 0.00543509
11.85 -64.7932 0.000347663 0.00530144
11.875 -64.793 0.000340807 0.00517098
11.9 -64.7933 0.000334121 0.00504363
11.925 -64.7939 0.0003276 0.00491934
11.95 -64.7948 0.00032124 0.00479803
11.975 -64.7961 0.000315037 0.00467964
12 -64.7978 0.000308987 0.00456409
12.025 -64.7998 0.000303086 0.00445132
12.05 -64.8021 0.000297331 0.00434127
12.075 -64.8047 0.000291718 0.00423389
12.1 -64.8076 0.000286244 0.00412909
12.125 -64.8108 0.000280905 0.00402684
12.15 -64.8144 0.000275698 0.00392706
12.175 -64.8182 0.000270619 0.0038297
12.2 -64.8223 0.000265666 0.0037347
12.225 -64.8266 0.000260835 0.00364202
12.25 -64.8313 0.000256123 0.00355159
12.275 -64.8362 0.000251528 0.00346337
12.3 -64.8413 0.000247046 0.0033773
12.325 -64.8467 0.000242674 0.00329333
12.35 -64.8524 0.000238411 0.00321141
12.375 -64.8583 0.000234253 0.0031315
12.4 -64.8644 0.000230198 0.00305354
12.425 -64.8707 0.000226242 0.0029775
12.45 -64.8773 0.000222385 0.00290332
12.475 -64.884 0.000218622 0.00283096
12.5 -64.891 0.000214953 0.00276038
12.525 -64.8981 0.000211374 0.00269154
12.55 -64.9055 0.000207883 0.00262439
12.575 -64.913 0.000204479 0.0025589
12.6 -64.9208 0.000201159 0.00249502
12.625 -64.9287 0.00019792 0.00243272
12.65 -64.9368 0.000194762 0.00237196
12.675 -64.945 0.000191682 0.0023127
12.7 -64.9534 0.000188677 0.0022549
12.725 -64.962 0.000185747 0.00219854
12.75 -64.9707 0.000182889 0.00214357
12.775 -64.9795 0.000180102 0.00208996
12.8 -64.9885 0.000177384 0.00203769
12.825 -64.9977 0.000174732 0.00198671
12.85 -65.0069 0.000172147 0.001937
12.875 -65.0163 0.000169625 0.00188852
12.9 -65.0259 0.000167165 0.00184125
12.925 -65.0355 0.000164766 0.00179516
12.95 -65.0452 0.000162426 0.00175021
12.975 -65.0551 0.000160144 0.00170638
13 -65.0651 0.000157918 0.00166364
13.025 -65.0751 0.000155748 0.00162197
13.05 -65.0853 0.000153631 0.00158134
13.075 -65.0956 0.000151566 0.00154173
13.1 -65.1059 0.000149552 0.0015031
13.125 -65.1163 0.000147588 0.00146544
13.15 -65.1269 0.000145672 0.00142871
13.175 -65.1374 0.000143804 0.00139291
13.2 -65.1481 0.000141981 0.001358
13.225 -65.1589 0.000140204 0.00132397
13.25 -65.1697 0.000138471 0.00129079
13.275 -65.1805 0.00013678 0.00125844
13.3 -65.1915 0.000135132 0.0012269
13.325 -65.2025 0.000133523 0.00119615
13.35 -65.2135 0.000131955 0.00116617
13.375 -65.2246 0.000130425 0.00113694
13.4 -65.2357 0.000128933 0.00110845
13.425 -65.2469 0.000127478 0.00108067
13.45 -65.2582 0.000126059 0.00105359
13.475 -65.2694 0.000124675 0.00102719
13.5 -65.2807 0.000123325 0.00100146
13.525 -65.2921 0.000122009 0.000976366
13.55 -65.3035 0.000120724 0.000951906
13.575 -65.3149 0.000119472 0.000928061
13.6 -65.3263 0.000118251 0.000904816
13.625 -65.3377 0.000117059 0.000882156
13.65 -65.3492 0.000115897 0.000860066
13.675 -65.3607 0.000114764 0.000838532
13.7 -65.3722 0.000113659 0.00081754
13.725 -65.3838 0.000112581 0.000797076
13.75 -65.3953 0.00011153 0.000777128
13.775 -65.4069 0.000110504 0.000757682
13.8 -65.4184 0.000109504 0.000738726
13.825 -65.43 0.000108529 0.000720248
13.85 -65.4415 0.000107578 0.000702235
13.875 -65.4531 0.00010665 0.000684677
13.9 -65.4647 0.000105745 0.000667561
13.925 -65.4763 0.000104862 0.000650876
13.95 -65.4878 0.000104002 0.000634612
13.975 -65.4994 0.000103162 0.000618759
14 -65.511 0.000102343 0.000603305
14.025 -65.5225 0.000101545 0.000588241
14.05 -65.534 0.000100766 0.000573558
14.075 -65.5456 0.000100006 0.000559244
14.1 -65.5571 9.92655e-05 0.000545292
14.125 -65.5686 9.85429e-05 0.000531692
14.15 -65.5801 9.78382e-05 0.000518435
14.175 -65.5916 9.71509e-05 0.000505513
14.2 -65.603 9.64805e-05 0.000492917
14.225 -65.6144 9.58267e-05 0.000480639
14.25 -65.6258 9.5189e-05 0.000468671
14.275 -65.6372 9.45671e-05 0.000457005
14.3 -65.6486 9.39606e-05 0.000445634
14.325 -65.6599 9.3369e-05 0.00043455
14.35 -65.6713 9.2792e-05 0.000423746
14.375 -65.6825 9.22293e-05 0.000413214
14.4 -65.6938 9.16804e-05 0.000402948
14.425 -65.705 9.11451e-05 0.000392942
14.45 -65.7162 9.0623e-05 0.000383188
14.475 -65.7274 9.01139e-05 0.000373681
14.5 -65.7385 8.96172e-05 0.000364414
14.525 -65.7497 8.91329e-05 0.000355381
14.55 -65.7607 8.86605e-05 0.000346576
14.575 -65.7718 8.81998e-05 0.000337993
14.6 -65.7828 8.77504e-05 0.000329627
14.625 -65.7937 8.73122e-05 0.000321473
14.65 -65.8047 8.68847e-05 0.000313524
14.675 -65.8156 8.64678e-05 0.000305776
14.7 -65.8264 8.60612e-05 0.000298224
14.725 -65.8372 8.56647e-05 0.000290862
14.75 -65.848 8.52779e-05 0.000283686
14.775 -65.8588 8.49007e-05 0.000276692
14.8 -65.8695 8.45328e-05 0.000269874
14.825 -65.8801 8.4174e-05 0.000263228
14.85 -65.8907 8.3824e-05 0.00025675
14.875 -65.9013 8.34827e-05 0.000250436
14.9 -65.9118 8.31498e-05 0.000244281
14.925 -65.9223 8.28252e-05 0.000238281
14.95 -65.9328 8.25085e-05 0.000232433
14.975 -65.9432 8.21997e-05 0.000226732
15 -65.9535 8.18985e-05 0.000221176
15.025 -65.9638 8.16047e-05 0.000215759
15.05 -65.9741 8.13182e-05 0.00021048
15.075 -65.9843 8.10387e-05 0.000205333
15.1 -65.9945 8.07662e-05 0.000200316
15.125 -66.0046 8.05004e-05 0.000195426
15.15 -66.0147 8.02411e-05 0.00019066
15.175 -66.0247 7.99883e-05 0.000186013
15.2 -66.0347 7.97416e-05 0.000181484
15.225 -66.0446 7.95011e-05 0.000177069
15.25 -66.0545 7.92665e-05 0.000172765
15.275 -66.0644 7.90377e-05 0.00016857
15.3 -66.0742 7.88146e-05 0.000164481
15.325 -66.0839 7.8597e-05 0.000160495
15.35 -66.0936 7.83847e-05 0.000156609
15.375 -66.1032 7.81777e-05 0.000152821
15.4 -66.1128 7.79758e-05 0.000149129
15.425 -66.1224 7.77789e-05 0.00014553
15.45 -66.1319 7.75868e-05 0.000142021
15.475 -66.1414 7.73995e-05 0.000138601
15.5 -66.1508 7.72168e-05 0.000135267
15.525 -66.1601 7.70386e-05 0.000132017
15.55 -66.1694 7.68648e-05 0.000128849
15.575 -66.1787 7.66953e-05 0.000125761
15.6 -66.1879 7.653e-05 0.00012275
15.625 -66.197 7.63688e-05 0.000119815
15.65 -66.2061 7.62116e-05 0.000116955
15.675 -66.2152 7.60582e-05 0.000114166
15.7 -66.2242 7.59086e-05 0.000111447
15.725 -66.2332 7.57627e-05 0.000108797
15.75 -66.2421 7.56204e-05 0.000106214
15.775 -66.2509 7.54817e-05 0.000103695
15.8 -66.2598 7.53463e-05 0.00010124
15.825 -66.2685 7.52143e-05 9.88466e-05
15.85 -66.2772 7.50856e-05 9.65134e-05
15.875 -66.2859 7.496e-05 9.42389e-05
15.9 -66.2945 7.48376e-05 9.20216e-05
15.925 -66.3031 7.47181e-05 8.98601e-05
15.95 -66.3116 7.46016e-05 8.77529e-05
15.975 -66.32 7.4488e-05 8.56986e-05
16 -66.3285 7.43772e-05 8.3696e-05
16.025 -66.3368 7.42691e-05 8.17437e-05
16.05 -66.3451 7.41637e-05 7.98405e-05
16.075 -66.3534 7.40609e-05 7.79851e-05
16.1 -66.3616 7.39607e-05 7.61762e-05
16.125 -66.3698 7.38629e-05 7.44128e-05
16.15 -66.3779 7.37675e-05 7.26937e-05
16.175 -66.386 7.36745e-05 7.10177e-05
16.2 -66.394 7.35838e-05 6.93838e-05
16.225 -66.402 7.34953e-05 6.77909e-05
16.25 -66.41 7.3409e-05 6.6238e-05
16.275 -66.4179 7.33248e-05 6.47241e-05
16.3 -66.4257 7.32427e-05 6.32481e-05
16.325 -66.4335 7.31627e-05 6.18091e-05
16.35 -66.4412 7.30846e-05 6.04063e-05
16.375 -66.4489 7.30084e-05 5.90386e-05
16.4 -66.4566 7.29341e-05 5.77052e-05
16.425 -66.4642 7.28617e-05 5.64052e-05
16.45 -66.4717 7.2791e-05 5.51378e-05
16.475 -66.4793 7.27221e-05 5.39021e-05
16.5 -66.4867 7.26549e-05 5.26974e-05
16.525 -66.4941 7.25894e-05 5.15229e-05
16.55 -66.5015 7.25254e-05 5.03778e-05
16.575 -66.5089 7.24631e-05 4.92614e-05
16.6 -66.5161 7.24023e-05 4.81729e-05
16.625 -66.5234 7.2343e-05 4.71117e-05
16.65 -66.5306 7.22851e-05 4.6077e-05
16.675 -66.5377 7.22287e-05 4.50683e-05
16.7 -66.5448 7.21737e-05 4.40847e-05
16.725 -66.5519 7.212e-05 4.31258e-05
16.75 -66.5589 7.20677e-05 4.21908e-05
16.775 -66.5659 7.20166e-05 4.12792e-05
16.8 -66.5728 7.19668e-05 4.03905e-05
16.825 -66.5797 7.19183e-05 3.95239e-05
16.85 -66.5866 7.18709e-05 3.8679e-05
16.875 -66.5934 7.18247e-05 3.78552e-05
16.9 -66.6002 7.17796e-05 3.70519e-05
16.925 -66.6069 7.17357e-05 3.62688e-05
16.95 -66.6136 7.16929e-05 3.55052e-05
16.975 -66.6202 7.16511e-05 3.47606e-05
17 -66.6268 7.16103e-05 3.40346e-05
17.025 -66.6333 7.15705e-05 3.33268e-05
17.05 -66.6399 7.15318e-05 3.26366e-05
17.075 -66.6463 7.14939e-05 3.19637e-05
17.1 -66.6528 7.14571e-05 3.13075e-05
17.125 -66.6592 7.14211e-05 3.06677e-05
17.15 -66.6655 7.1386e-05 3.00438e-05
17.175 -66.6718 7.13518e-05 2.94355e-05
17.2 -66.6781 7.13184e-05 2.88423e-05
17.225 -66.6843 7.12858e-05 2.8264e-05
17.25 -66.6905 7.12541e-05 2.77e-05
17.275 -66.6967 7.12231e-05 2.71501e-05
17.3 -66.7028 7.11929e-05 2.66138e-05
17.325 -66.7089 7.11635e-05 2.6091e-05
17.35 -66.7149 7.11348e-05 2.55811e-05
17.375 -66.7209 7.11067e-05 2.50839e-05
17.4 -66.7269 7.10794e-05 2.45991e-05
17.425 -66.7329 7.10528e-05 2.41264e-05
17.45 -66.7387 7.10268e-05 2.36654e-05
17.475 -66.7446 7.10014e-05 2.32158e-05
17.5 -66.7504 7.09767e-05 2.27775e-05
17.525 -66.7562 7.09526e-05 2.235e-05
17.55 -66.762 7.09291e-05 2.19331e-05
17.575 -66.7677 7.09061e-05 2.15266e-05
17.6 -66.7734 7.08838e-05 2.11302e-05
17.625 -66.779 7.08619e-05 2.07437e-05
17.65 -66.7846 7.08407e-05 2.03667e-05
17.675 -66.7902 7.08199e-05 1.99991e-05
17.7 -66.7957 7.07997e-05 1.96406e-05
17.725 -66.8012 7.07799e-05 1.9291e-05
17.75 -66.8067 7.07607e-05 1.895e-05
17.775 -66.8121 7.07419e-05 1.86175e-05
17.8 -66.8176 7.07236e-05 1.82933e-05
17.825 -66.8229 7.07057e-05 1.79771e-05
17.85 -66.8283 7.06883e-05 1.76687e-05
17.875 -66.8336 7.06713e-05 1.73679e-05
17.9 -66.8388 7.06547e-05 1.70746e-05
17.925 -66.8441 7.06385e-05 1.67885e-05
17.95 -66.8493 7.06228e-05 1.65096e-05
17.975 -66.8545 7.06074e-05 1.62375e-05
18 -66.8596 7.05924e-05 1.59721e-05
18.025 -66.8647 7.05778e-05 1.57134e-05
18.05 -66.8698 7.05635e-05 1.5461e-05
18.075 -66.8749 7.05496e-05 1.52148e-05
18.1 -66.8799 7.0536e-05 1.49747e-05
18.125 -66.8849 7.05228e-05 1.47406e-05
18.15 -66.8899 7.05099e-05 1.45122e-05
18.175 -66.8948 7.04973e-05 1.42894e-05
18.2 -66.8997 7.0485e-05 1.40722e-05
18.225 -66.9046 7.0473e-05 1.38603e-05
18.25 -66.9094 7.04614e-05 1.36536e-05
18.275 -66.9143 7.045e-05 1.3452e-05
18.3 -66.919 7.04389e-05 1.32554e-05
18.325 -66.9238 7.0428e-05 1.30636e-05
18.35 -66.9285 7.04175e-05 1.28766e-05
18.375 -66.9332 7.04072e-05 1.26941e-05
18.4 -66.9379 7.03971e-05 1.25162e-05
18.425 -66.9426 7.03873e-05 1.23426e-05
18.45 -66.9472 7.03777e-05 1.21732e-05
18.475 -66.9518 7.03684e-05 1.20081e-05
18.5 -66.9564 7.03593e-05 1.1847e-05
18.525 -66.9609 7.03504e-05 1.16898e-05
18.55 -66.9654 7.03418e-05 1.15365e-05
18.575 -66.9699 7.03334e-05 1.1387e-05
18.6 -66.9744 7.03251e-05 1.12411e-05
18.625 -66.9788 7.03171e-05 1.10988e-05
18.65 -66.9832 7.03093e-05 1.096e-05
18.675 -66.9876 7.03016e-05 1.08246e-05
18.7 -66.992 7.02942e-05 1.06925e-05
18.725 -66.9963 7.02869e-05 1.05636e-05
18.75 -67.0006 7.02798e-05 1.04379e-05
18.775 -67.0049 7.02729e-05 1.03152e-05
18.8 -67.0092 7.02662e-05 1.01956e-05
18.825 -67.0134 7.02596e-05 1.00789e-05
18.85 -67.0176 7.02532e-05 9.96499e-06
18.875 -67.0218 7.0247e-05 9.85389e-06
18.9 -67.026 7.02409e-05 9.7455e-06
18.925 -67.0302 7.02349e-05 9.63975e-06
18.95 -67.0343 7.02291e-05 9.53658e-06
18.975 -67.0384 7.02235e-05 9.43592e-06
19 -67.0425 7.02179e-05 9.33771e-06
19.025 -67.0465 7.02126e-05 9.24189e-06
19.05 -67.0506 7.02073e-05 9.14839e-06
19.075 -67.0546 7.02022e-05 9.05717e-06
19.1 -67.0586 7.01972e-05 8.96817e-06
19.125 -67.0625 7.01923e-05 8.88132e-06
19.15 -67.0665 7.01876e-05 8.79658e-06
19.175 -67.0704 7.0183e-05 8.71389e-06
19.2 -67.0743 7.01784e-05 8.63321e-06
19.225 -67.0782 7.0174e-05 8.55448e-06
19.25 -67.0821 7.01697e-05 8.47765e-06
19.275 -67.0859 7.01655e-05 8.40268e-06
19.3 -67.0897 7.01615e-05 8.32953e-06
19.325 -67.0935 7.01575e-05 8.25813e-06
19.35 -67.0973 7.01536e-05 8.18847e-06
19.375 -67.1011 7.01498e-05 8.12048e-06
19.4 -67.1048 7.01461e-05 8.05413e-06
19.425 -67.1085 7.01425e-05 7.98938e-06
19.45 -67.1122 7.0139e-05 7.92618e-06
19.475 -67.1159 7.01355e-05 7.86451e-06
19.5 -67.1196 7.01322e-05 7.80431e-06
19.525 -67.1232 7.01289e-05 7.74557e-06
19.55 -67.1269 7.01257e-05 7.68823e-06
19.575 -67.1305 7.01226e-05 7.63226e-06
19.6 -67.1341 7.01196e-05 7.57764e-06
19.625 -67.1376 7.01167e-05 7.52432e-06
19.65 -67.1412 7.01138e-05 7.47228e-06
19.675 -67.1447 7.0111e-05 7.42148e-06
19.7 -67.1482 7.01082e-05 7.37189e-06
19.725 -67.1517 7.01056e-05 7.32349e-06
19.75 -67.1552 7.0103e-05 7.27624e-06
19.775 -67.1587 7.01004e-05 7.23011e-06
19.8 -67.1621 7.00979e-05 7.18509e-06
19.825 -67.1656 7.00955e-05 7.14113e-06
19.85 -67.169 7.00932e-05 7.09821e-06
19.875 -67.1724 7.00909e-05 7.05632e-06
19.9 -67.1758 7.00886e-05 7.01541e-06
19.925 -67.1791 7.00864e-05 6.97547e-06
19.95 -67.1825 7.00843e-05 6.93648e-06
19.975 -67.1858 7.00822e-05 6.89841e-06
20 -67.1891 7.00802e-05 6.86123e-06
20.025 -67.1924 7.00782e-05 6.82494e-06
20.05 -67.1957 7.00763e-05 6.78949e-06
20.075 -67.199 7.00744e-05 6.75488e-06
20.1 -67.2023 7.00726e-05 6.72109e-06
20.125 -67.2055 7.00708e-05 6.68808e-06
20.15 -67.2087 7.0069e-05 6.65585e-06
20.175 -67.2119 7.00673e-05 6.62437e-06
20.2 -67.2151 7.00656e-05 6.59363e-06
20.225 -67.2183 7.0064e-05 6.56361e-06
20.25 -67.2215 7.00624e-05 6.53428e-06
20.275 -67.2246 7.00609e-05 6.50564e-06
20.3 -67.2278 7.00594e-05 6.47766e-06
20.325 -67.2309 7.00579e-05 6.45034e-06
20.35 -67.234 7.00565e-05 6.42364e-06
20.375 -67.2371 7.00551e-05 6.39757e-06
20.4 -67.2402 7.00538e-05 6.37209e-06
20.425 -67.2433 7.00524e-05 6.34721e-06
20.45 -67.2463 7.00511e-05 6.3229e-06
20.475 -67.2494 7.00499e-05 6.29915e-06
20.5 -67.2524 7.00486e-05 6.27594e-06
20.525 -67.2554 7.00474e-05 6.25326e-06
20.55 -67.2584 7.00463e-05 6.23111e-06
20.575 -67.2614 7.00451e-05 6.20946e-06
20.6 -67.2644 7.0044e-05 6.1883e-06
20.625 -67.2673 7.00429e-05 6.16763e-06
20.65 -67.2703 7.00419e-05 6.14743e-06
20.675 -67.2732 7.00408e-05 6.12768e-06
20.7 -67.2762 7.00398e-05 6.10839e-06
20.725 -67.2791 7.00388e-05 6.08952e-06
20.75 -67.282 7.00379e-05 6.07109e-06
20.775 -67.2849 7.00369e-05 6.05307e-06
20.8 -67.2877 7.0036e-05 6.03545e-06
20.825 -67.2906 7.00351e-05 6.01823e-06
20.85 -67.2935 7.00343e-05 6.0014e-06
20.875 -67.2963 7.00334e-05 5.98494e-06
20.9 -67.2991 7.00326e-05 5.96885e-06
20.925 -67.302 7.00318e-05 5.95312e-06
20.95 -67.3048 7.0031e-05 5.93773e-06
20.975 -67.3076 7.00303e-05 5.92269e-06
21 -67.3104 7.00295e-05 5.90798e-06
21.025 -67.3131 7.00288e-05 5.89359e-06
21.05 -67.3159 7.00281e-05 5.87952e-06
21.075 -67.3187 7.00274e-05 5.86576e-06
21.1 -67.3214 7.00267e-05 5.85229e-06
21.125 -67.3241 7.0026e-05 5.83913e-06
21.15 -67.3269 7.00254e-05 5.82625e-06
21.175 -67.3296 7.00248e-05 5.81364e-06
21.2 -67.3323 7.00242e-05 5.80132e-06
21.225 -67.335 7.00236e-05 5.78925e-06
21.25 -67.3376 7.0023e-05 5.77745e-06
21.275 -67.3403 7.00224e-05 5.7659e-06
21.3 -67.343 7.00219e-05 5.7546e-06
21.325 -67.3456 7.00213e-05 5.74354e-06
21.35 -67.3483 7.00208e-05 5.73271e-06
21.375 -67.3509 7.00203e-05 5.72212e-06
21.4 -67.3535 7.00198e-05 5.71175e-06
21.425 -67.3561 7.00193e-05 5.70159e-06
21.45 -67.3587 7.00188e-05 5.69165e-06
21.475 -67.3613 7.00184e-05 5.68192e-06
21.5 -67.3639 7.00179e-05 5.67239e-06
21.525 -67.3665 7.00175e-05 5.66306e-06
21.55 -67.3691 7.0017e-05 5.65393e-06
21.575 -67.3716 7.00166e-05 5.64498e-06
21.6 -67.3742 7.00162e-05 5.63622e-06
21.625 -67.3767 7.00158e-05 5.62763e-06
21.65 -67.3792 7.00154e-05 5.61922e-06
21.675 -67.3818 7.0015e-05 5.61099e-06
21.7 -67.3843 7.00147e-05 5.60292e-06
21.725 -67.3868 7.00143e-05 5.59501e-06
21.75 -67.3893 7.00139e-05 5.58726e-06
21.775 -67.3918 7.00136e-05 5.57967e-06
21.8 -67.3942 7.00133e-05 5.57222e-06
21.825 -67.3967 7.00129e-05 5.56493e-06
21.85 -67.3992 7.00126e-05 5.55778e-06
21.875 -67.4016 7.00123e-05 5.55077e-06
21.9 -67.4041 7.0012e-05 5.5439e-06
21.925 -67.4065 7.00117e-05 5.53717e-06
21.95 -67.4089 7.00114e-05 5.53056e-06
21.975 -67.4114 7.00111e-05 5.52408e-06
22 -67.4138 7.00109e-05 5.51773e-06
22.025 -67.4162 7.00106e-05 5.5115e-06
22.05 -67.4186 7.00103e-05 5.50538e-06
22.075 -67.421 7.00101e-05 5.49939e-06
22.1 -67.4234 7.00098e-05 5.4935e-06
22.125 -67.4257 7.00096e-05 5.48773e-06
22.15 -67.4281 7.00093e-05 5.48207e-06
22.175 -67.4305 7.00091e-05 5.47651e-06
22.2 -67.4328 7.00089e-05 5.47105e-06
22.225 -67.4352 7.00087e-05 5.46569e-06
22.25 -67.4375 7.00085e-05 5.46043e-06
22.275 -67.4399 7.00083e-05 5.45527e-06
22.3 -67.4422 7.0008e-05 5.4502e-06
22.325 -67.4445 7.00078e-05 5.44522e-06
22.35 -67.4468 7.00077e-05 5.44033e-06
22.375 -67.4491 7.00075e-05 5.43553e-06
22.4 -67.4514 7.00073e-05 5.43081e-06
22.425 -67.4537 7.00071e-05 5.42618e-06
22.45 -67.456 7.00069e-05 5.42162e-06
22.475 -67.4583 7.00068e-05 5.41715e-06
22.5 -67.4605 7.00066e-05 5.41275e-06
22.525 -67.4628 7.00064e-05 5.40842e-06
22.55 -67.4651 7.00063e-05 5.40417e-06
22.575 -67.4673 7.00061e-05 5.4e-06
22.6 -67.4696 7.0006e-05 5.39589e-06
22.625 -67.4718 7.00058e-05 5.39185e-06
22.65 -67.4741 7.00057e-05 5.38788e-06
22.675 -67.4763 7.00055e-05 5.38397e-06
22.7 -67.4785 7.00054e-05 5.38012e-06
22.725 -67.4807 7.00053e-05 5.37634e-06
22.75 -67.4829 7.00051e-05 5.37262e-06
22.775 -67.4851 7.0005e-05 5.36896e-06
22.8 -67.4873 7.00049e-05 5.36536e-06
22.825 -67.4895 7.00048e-05 5.36181e-06
22.85 -67.4917 7.00046e-05 5.35832e-06
22.875 -67.4939 7.00045e-05 5.35488e-06
22.9 -67.4961 7.00044e-05 5.3515e-06
22.925 -67.4982 7.00043e-05 5.34816e-06
22.95 -67.5004 7.00042e-05 5.34488e-06
22.975 -67.5026 7.00041e-05 5.34164e-06
23 -67.5047 7.0004e-05 5.33846e-06
23.025 -67.5069 7.00039e-05 5.33532e-06
23.05 -67.509 7.00038e-05 5.33223e-06
23.075 -67.5111 7.00037e-05 5.32918e-06
23.1 -67.5133 7.00036e-05 5.32617e-06
23.125 -67.5154 7.00035e-05 5.32321e-06
23.15 -67.5175 7.00034e-05 5.32029e-06
23.175 -67.5196 7.00034e-05 5.31741e-06
23.2 -67.5217 7.00033e-05 5.31457e-06
23.225 -67.5238 7.00032e-05 5.31177e-06
23.25 -67.5259 7.00031e-05 5.309e-06
23.275 -67.528 7.0003e-05 5.30628e-06
23.3 -67.5301 7.0003e-05 5.30359e-06
23.325 -67.5322 7.00029e-05 5.30093e-06
23.35 -67.5343 7.00028e-05 5.29831e-06
23.375 -67.5364 7.00028e-05 5.29573e-06
23.4 -67.5384 7.00027e-05 5.29318e-06
23.425 -67.5405 7.00026e-05 5.29066e-06
23.45 -67.5426 7.00026e-05 5.28817e-06
23.475 -67.5446 7.00025e-05 5.28571e-06
23.5 -67.5467 7.00024e-05 5.28328e-06
23.525 -67.5487 7.00024e-05 5.28089e-06
23.55 -67.5507 7.00023e-05 5.27852e-06
23.575 -67.5528 7.00023e-05 5.27618e-06
23.6 -67.5548 7.00022e-05 5.27386e-06
23.625 -67.5568 7.00021e-05 5.27158e-06
23.65 -67.5589 7.00021e-05 5.26932e-06
23.675 -67.5609 7.0002e-05 5.26708e-06
23.7 -67.5629 7.0002e-05 5.26487e-06
23.725 -67.5649 7.00019e-05 5.26269e-06
23.75 -67.5669 7.00019e-05 5.26053e-06
23.775 -67.5689 7.00018e-05 5.25839e-06
23.8 -67.5709 7.00018e-05 5.25628e-06
23.825 -67.5729 7.00018e-05 5.25419e-06
23.85 -67.5749 7.00017e-05 5.25212e-06
23.875 -67.5769 7.00017e-05 5.25007e-06
23.9 -67.5789 7.00016e-05 5.24804e-06
23.925 -67.5808 7.00016e-05 5.24604e-06
23.95 -67.5828 7.00016e-05 5.24405e-06
23.975 -67.5848 7.00015e-05 5.24209e-06
24 -67.5867 7.00015e-05 5.24014e-06
24.025 -67.5887 7.00014e-05 5.23821e-06
24.05 -67.5906 7.00014e-05 5.2363e-06
24.075 -67.5926 7.00014e-05 5.23441e-06
24.1 -67.5945 7.00013e-05 5.23254e-06
24.125 -67.5965 7.00013e-05 5.23068e-06
24.15 -67.5984 7.00013e-05 5.22885e-06
24.175 -67.6004 7.00012e-05 5.22702e-06
24.2 -67.6023 7.00012e-05 5.22522e-06
24.225 -67.6042 7.00012e-05 5.22343e-06
24.25 -67.6061 7.00012e-05 5.22165e-06
24.275 -67.6081 7.00011e-05 5.21989e-06
24.3 -67.61 7.00011e-05 5.21815e-06
24.325 -67.6119 7.00011e-05 5.21642e-06
24.35 -67.6138 7.0001e-05 5.2147e-06
24.375 -67.6157 7.0001e-05 5.213e-06
24.4 -67.6176 7.0001e-05 5.21131e-06
24.425 -67.6195 7.0001e-05 5.20963e-06
24.45 -67.6214 7.00009e-05 5.20797e-06
24.475 -67.6233 7.00009e-05 5.20632e-06
24.5 -67.6252 7.00009e-05 5.20469e-06
24.525 -67.6271 7.00009e-05 5.20306e-06
24.55 -67.6289 7.00009e-05 5.20145e-06
24.575 -67.6308 7.00008e-05 5.19985e-06
24.6 -67.6327 7.00008e-05 5.19826e-06
24.625 -67.6346 7.00008e-05 5.19668e-06
24.65 -67.6364 7.00008e-05 5.19512e-06
24.675 -67.6383 7.00008e-05 5.19356e-06
24.7 -67.6402 7.00007e-05 5.19202e-06
24.725 -67.642 7.00007e-05 5.19048e-06
24.75 -67.6439 7.00007e-05 5.18896e-06
24.775 -67.6457 7.00007e-05 5.18745e-06
24.8 -67.6476 7.00007e-05 5.18594e-06
24.825 -67.6494 7.00007e-05 5.18445e-06
24.85 -67.6513 7.00006e-05 5.18296e-06
24.875 -67.6531 7.00006e-05 5.18149e-06
24.9 -67.6549 7.00006e-05 5.18002e-06
24.925 -67.6568 7.00006e-05 5.17856e-06
24.95 -67.6586 7.00006e-05 5.17711e-06
24.975 -67.6604 7.00006e-05 5.17567e-06
25 -67.6622 7.00005e-05 5.17424e-06
25.025 -67.6641 7.00005e-05 5.17282e-06
25.05 -67.6659 7.00005e-05 5.1714e-06
25.075 -67.6677 7.00005e-05 5.16999e-06
25.1 -67.6695 7.00005e-05 5.16859e-06
25.125 -67.6713 7.00005e-05 5.1672e-06
25.15 -67.6731 7.00005e-05 5.16581e-06
25.175 -67.6749 7.00005e-05 5.16444e-06
25.2 -67.6767 7.00005e-05 5.16306e-06
25.225 -67.6785 7.00004e-05 5.1617e-06
25.25 -67.6803 7.00004e-05 5.16034e-06
25.275 -67.6821 7.00004e-05 5.15899e-06
25.3 -67.6839 7.00004e-05 5.15765e-06
25.325 -67.6857 7.00004e-05 5.15631e-06
25.35 -67.6874 7.00004e-05 5.15498e-06
25.375 -67.6892 7.00004e-05 5.15366e-06
25.4 -67.691 7.00004e-05 5.15234e-06
25.425 -67.6928 7.00004e-05 5.15103e-06
25.45 -67.6945 7.00004e-05 5.14973e-06
25.475 -67.6963 7.00003e-05 5.14843e-06
25.5 -67.6981 7.00003e-05 5.14713e-06
25.525 -67.6998 7.00003e-05 5.14584e-06
25.55 -67.7016 7.00003e-05 5.14456e-06
25.575 -67.7033 7.00003e-05 5.14328e-06
25.6 -67.7051 7.00003e-05 5.14201e-06
25.625 -67.7069 7.00003e-05 5.14075e-06
25.65 -67.7086 7.00003e-05 5.13948e-06
25.675 -67.7103 7.00003e-05 5.13823e-06
25.7 -67.7121 7.00003e-05 5.13698e-06
25.725 -67.7138 7.00003e-05 5.13573e-06
25.75 -67.7156 7.00003e-05 5.13449e-06
25.775 -67.7173 7.00003e-05 5.13325e-06
25.8 -67.719 7.00003e-05 5.13202e-06
25.825 -67.7208 7.00002e-05 5.13079e-06
25.85 -67.7225 7.00002e-05 5.12957e-06
25.875 -67.7242 7.00002e-05 5.12835e-06
25.9 -67.7259 7.00002e-05 5.12714e-06
25.925 -67.7277 7.00002e-05 5.12593e-06
25.95 -67.7294 7.00002e-05 5.12472e-06
25.975 -67.7311 7.00002e-05 5.12352e-06
26 -67.7328 7.00002e-05 5.12232e-06
26.025 -67.7345 7.00002e-05 5.12113e-06
26.05 -67.7362 7.00002e-05 5.11994e-06
26.075 -67.7379 7.00002e-05 5.11876e-06
26.1 -67.7396 7.00002e-05 5.11757e-06
26.125 -67.7414 7.00002e-05 5.1164e-06
26.15 -67.7431 7.00002e-05 5.11522e-06
26.175 -67.7447 7.00002e-05 5.11405e-06
26.2 -67.7464 7.00002e-05 5.11289e-06
26.225 -67.7481 7.00002e-05 5.11172e-06
26.25 -67.7498 7.00002e-05 5.11056e-06
26.275 -67.7515 7.00002e-05 5.10941e-06
26.3 -67.7532 7.00002e-05 5.10826e-06
26.325 -67.7549 7.00002e-05 5.10711e-06
26.35 -67.7566 7.00001e-05 5.10596e-06
26.375 -67.7582 7.00001e-05 5.10482e-06
26.4 -67.7599 7.00001e-05 5.10368e-06
26.425 -67.7616 7.00001e-05 5.10254e-06
26.45 -67.7633 7.00001e-05 5.10141e-06
26.475 -67.7649 7.00001e-05 5.10028e-06
26.5 -67.7666 7.00001e-05 5.09915e-06
26.525 -67.7683 7.00001e-05 5.09803e-06
26.55 -67.7699 7.00001e-05 5.09691e-06
26.575 -67.7716 7.00001e-05 5.09579e-06
26.6 -67.7733 7.00001e-05 5.09468e-06
26.625 -67.7749 7.00001e-05 5.09356e-06
26.65 -67.7766 7.00001e-05 5.09245e-06
26.675 -67.7782 7.00001e-05 5.09135e-06
26.7 -67.7799 7.00001e-05 5.09024e-06
26.725 -67.7815 7.00001e-05 5.08914e-06
26.75 -67.7832 7.00001e-05 5.08805e-06
26.775 -67.7848 7.00001e-05 5.08695e-06
26.8 -67.7865 7.00001e-05 5.08586e-06
26.825 -67.7881 7.00001e-05 5.08477e-06
26.85 -67.7897 7.00001e-05 5.08368e-06
26.875 -67.7914 7.00001e-05 5.08259e-06
26.9 -67.793 7.00001e-05 5.08151e-06
26.925 -67.7947 7.00001e-05 5.08043e-06
26.95 -67.7963 7.00001e-05 5.07935e-06
26.975 -67.7979 7.00001e-05 5.07827e-06
27 -67.7995 7.00001e-05 5.0772e-06
27.025 -67.8012 7.00001e-05 5.07613e-06
27.05 -67.8028 7.00001e-05 5.07506e-06
27.075 -67.8044 7.00001e-05 5.07399e-06
27.1 -67.806 7.00001e-05 5.07293e-06
27.125 -67.8076 7.00001e-05 5.07187e-06
27.15 -67.8093 7.00001e-05 5.07081e-06
27.175 -67.8109 7.00001e-05 5.06975e-06
27.2 -67.8125 7.00001e-05 5.0687e-06
27.225 -67.8141 7.00001e-05 5.06764e-06
27.25 -67.8157 7.00001e-05 5.06659e-06
27.275 -67.8173 7.00001e-05 5.06554e-06
27.3 -67.8189 7.00001e-05 5.06449e-06
27.325 -67.8205 7.00001e-05 5.06345e-06
27.35 -67.8221 7.00001e-05 5.06241e-06
27.375 -67.8237 7.00001e-05 5.06137e-06
27.4 -67.8253 7.00001e-05 5.06033e-06
27.425 -67.8269 7.00001e-05 5.05929e-06
27.45 -67.8285 7.00001e-05 5.05825e-06
27.475 -67.8301 7.00001e-05 5.05722e-06
27.5 -67.8317 7.00001e-05 5.05619e-06
27.525 -67.8333 7.00001e-05 5.05516e-06
27.55 -67.8349 7.00001e-05 5.05413e-06
27.575 -67.8364 7.00001e-05 5.05311e-06
27.6 -67.838 7e-05 5.05208e-06
27.625 -67.8396 7e-05 5.05106e-06
27.65 -67.8412 7e-05 5.05004e-06
27.675 -67.8428 7e-05 5.04902e-06
27.7 -67.8443 7e-05 5.04801e-06
27.725 -67.8459 7e-05 5.04699e-06
27.75 -67.8475 7e-05 5.04598e-06
27.775 -67.8491 7e-05 5.04497e-06
27.8 -67.8506 7e-05 5.04396e-06
27.825 -67.8522 7e-05 5.04295e-06
27.85 -67.8538 7e-05 5.04194e-06
27.875 -67.8553 7e-05 5.04094e-06
27.9 -67.8569 7e-05 5.03993e-06
27.925 -67.8584 7e-05 5.03893e-06
27.95 -67.86 7e-05 5.03793e-06
27.975 -67.8616 7e-05 5.03693e-06
28 -67.8631 7e-05 5.03594e-06
28.025 -67.8647 7e-05 5.03494e-06
28.05 -67.8662 7e-05 5.03395e-06
28.075 -67.8678 7e-05 5.03296e-06
28.1 -67.8693 7e-05 5.03197e-06
28.125 -67.8709 7e-05 5.03098e-06
28.15 -67.8724 7e-05 5.02999e-06
28.175 -67.874 7e-05 5.029e-06
28.2 -67.8755 7e-05 5.02802e-06
28.225 -67.877 7e-05 5.02704e-06
28.25 -67.8786 7e-05 5.02606e-06
28.275 -67.8801 7e-05 5.02508e-06
28.3 -67.8817 7e-05 5.0241e-06
28.325 -67.8832 7e-05 5.02312e-06
28.35 -67.8847 7e-05 5.02214e-06
28.375 -67.8863 7e-05 5.02117e-06
28.4 -67.8878 7e-05 5.0202e-06
28.425 -67.8893 7e-05 5.01923e-06
28.45 -67.8908 7e-05 5.01826e-06
28.475 -67.8924 7e-05 5.01729e-06
28.5 -67.8939 7e-05 5.01632e-06
28.525 -67.8954 7e-05 5.01535e-06
28.55 -67.8969 7e-05 5.01439e-06
28.575 -67.8984 7e-05 5.01343e-06
28.6 -67.9 7e-05 5.01246e-06
28.625 -67.9015 7e-05 5.0115e-06
28.65 -67.903 7e-05 5.01054e-06
28.675 -67.9045 7e-05 5.00959e-06
28.7 -67.906 7e-05 5.00863e-06
28.725 -67.9075 7e-05 5.00768e-06
28.75 -67.909 7e-05 5.00672e-06
28.775 -67.9105 7e-05 5.00577e-06
28.8 -67.9121 7e-05 5.00482e-06
28.825 -67.9136 7e-05 5.00387e-06
28.85 -67.9151 7e-05 5.00292e-06
28.875 -67.9166 7e-05 5.00197e-06
28.9 -67.9181 7e-05 5.00102e-06
28.925 -67.9196 7e-05 5.00008e-06
28.95 -67.9211 7e-05 4.99913e-06
28.975 -67.9226 7e-05 4.99819e-06
29 -67.924 7e-05 4.99725e-06
29.025 -67.9255 7e-05 4.99631e-06
29.05 -67.927 7e-05 4.99537e-06
29.075 -67.9285 7e-05 4.99443e-06
29.1 -67.93 7e-05 4.9935e-06
29.125 -67.9315 7e-05 4.99256e-06
29.15 -67.933 7e-05 4.99163e-06
29.175 -67.9345 7e-05 4.99069e-06
29.2 -67.9359 7e-05 4.98976e-06
29.225 -67.9374 7e-05 4.98883e-06
29.25 -67.9389 7e-05 4.9879e-06
29.275 -67.9404 7e-05 4.98697e-06
29.3 -67.9419 7e-05 4.98605e-06
29.325 -67.9433 7e-05 4.98512e-06
29.35 -67.9448 7e-05 4.98419e-06
29.375 -67.9463 7e-05 4.98327e-06
29.4 -67.9478 7e-05 4.98235e-06
29.425 -67.9492 7e-05 4.98143e-06
29.45 -67.9507 7e-05 4.9805e-06
29.475 -67.9522 7e-05 4.97959e-06
29.5 -67.9536 7e-05 4.97867e-06
29.525 -67.9551 7e-05 4.97775e-06
29.55 -67.9566 7e-05 4.97683e-06
29.575 -67.958 7e-05 4.97592e-06
29.6 -67.9595 7e-05 4.975e-06
29.625 -67.9609 7e-05 4.97409e-06
29.65 -67.9624 7e-05 4.97318e-06
29.675 -67.9638 7e-05 4.97227e-06
29.7 -67.9653 7e-05 4.97136e-06
29.725 -67.9668 7e-05 4.97045e-06
29.75 -67.9682 7e-05 4.96954e-06
29.775 -67.9697 7e-05 4.96864e-06
29.8 -67.9711 7e-05 4.96773e-06
29.825 -67.9726 7e-05 4.96683e-06
29.85 -67.974 7e-05 4.96592e-06
29.875 -67.9755 7e-05 4.96502e-06
29.9 -67.9769 7e-05 4.96412e-06
29.925 -67.9783 7e-05 4.96322e-06
29.95 -67.9798 7e-05 4.96232e-06
29.975 -67.9812 7e-05 4.96142e-06
