0 -70 7e-05 3.74149e-11
0.025 -70 7e-05 3.7415e-11
0.05 -70 7e-05 3.7415e-11
0.075 -70 7e-05 3.7415e-11
0.1 -70 7e-05 3.7415e-11
0.125 -70 7e-05 3.7415e-11
0.15 -70 7e-05 3.7415e-11
0.175 -70 7e-05 3.7415e-11
0.2 -70 7e-05 3.74151e-11
0.225 -70 7e-05 3.74151e-11
0.25 -70 7e-05 3.74151e-11
0.275 -69.9999 7e-05 3.74151e-11
0.3 -69.9999 7e-05 3.74151e-11
0.325 -69.9999 7e-05 3.74151e-11
0.35 -69.9999 7e-05 3.74151e-11
0.375 -69.9999 7e-05 3.74151e-11
0.4 -69.9999 7e-05 3.74151e-11
0.425 -69.9999 7e-05 3.74151e-11
0.45 -69.9999 7e-05 3.74152e-11
0.475 -69.9999 7e-05 3.74152e-11
0.5 -69.9999 7e-05 3.74152e-11
0.525 -69.9999 7e-05 3.74152e-11
0.55 -69.9999 7e-05 3.74152e-11
0.575 -69.9999 7e-05 3.74152e-11
0.6 -69.9999 7e-05 3.74152e-11
0.625 -69.9999 7e-05 3.74152e-11
0.65 -69.9999 7e-05 3.74152e-11
0.675 -69.9999 7e-05 3.74152e-11
0.7 -69.9999 7e-05 3.74152e-11
0.725 -69.9999 7e-05 3.74152e-11
0.75 -69.9999 7e-05 3.74153e-11
0.775 -69.9999 7e-05 3.74153e-11
0.8 -69.9999 7e-05 3.74153e-11
0.825 -69.9999 7e-05 3.74153e-11
0.85 -69.9999 7e-05 3.74153e-11
0.875 -69.9999 7e-05 3.74153e-11
0.9 -69.9999 7e-05 3.74153e-11
0.925 -69.9999 7e-05 3.74153e-11
0.95 -69.9999 7e-05 3.74153e-11
0.975 -69.9999 7e-05 3.74153e-11
1 -69.9999 7e-05 3.74153e-11
1.025 -69.9999 7e-05 3.74153e-11
1.05 -69.9999 7e-05 3.74153e-11
1.075 -69.9999 7e-05 3.74154e-11
1.1 -69.9999 7e-05 3.74154e-11
1.125 -69.9999 7e-05 3.74154e-11
1.15 -69.9998 7e-05 3.74154e-11
1.175 -69.9998 7e-05 3.74154e-11
1.2 -69.9998 7e-05 3.74154e-11
1.225 -69.9998 7e-05 3.74154e-11
1.25 -69.9998 7e-05 3.74154e-11
1.275 -69.9998 7e-05 3.74154e-11
1.3 -69.9998 7e-05 3.74154e-11
1.325 -69.9998 7e-05 3.74154e-11
1.35 -69.9998 7e-05 3.74154e-11
1.375 -69.9998 7e-05 3.74154e-11
1.4 -69.9998 7e-05 3.74155e-11
1.425 -69.9998 7e-05 3.74155e-11
1.45 -69.9998 7e-05 3.74155e-11
1.475 -69.9998 7e-05 3.74155e-11
1.5 -69.9998 7e-05 3.74155e-11
1.525 -69.9998 7e-05 3.74155e-11
1.55 -69.9998 7e-05 3.74155e-11
1.575 -69.9998 7e-05 3.74155e-11
1.6 -69.9998 7e-05 3.74155e-11
1.625 -69.9998 7e-05 3.74155e-11
1.65 -69.9998 7e-05 3.74155e-11
1.675 -69.9998 7e-05 3.74155e-11
1.7 -69.9998 7e-05 3.74155e-11
1.725 -69.9998 7e-05 3.74155e-11
1.75 -69.9998 7e-05 3.74156e-11
1.775 -69.9998 7e-05 3.74156e-11
1.8 -69.9998 7e-05 3.74156e-11
1.825 -69.9998 7e-05 3.74156e-11
1.85 -69.9998 7e-05 3.74156e-11
1.875 -69.9998 7e-05 3.74156e-11
1.9 -69.9998 7e-05 3.74156e-11
1.925 -69.9998 7e-05 3.74156e-11
1.95 -69.9998 7e-05 3.74156e-11
1.975 -69.9998 7e-05 3.74156e-11
2 -69.9998 7e-05 3.74156e-11
2.025 -69.9998 7e-05 3.74156e-11
2.05 -69.9998 7e-05 3.74156e-11
2.075 -69.9998 7e-05 3.74156e-11
2.1 -69.9998 7e-05 3.74157e-11
2.125 -69.9998 7e-05 3.74157e-11
2.15 -69.9998 7e-05 3.74157e-11
2.175 -69.9998 7e-05 3.74157e-11
2.2 -69.9998 7e-05 3.74157e-11
2.225 -69.9998 7e-05 3.74157e-11
2.25 -69.9998 7e-05 3.74157e-11
2.275 -69.9998 7e-05 3.74157e-11
2.3 -69.9998 7e-05 3.74157e-11
2.325 -69.9998 7e-05 3.74157e-11
2.35 -69.9998 7e-05 3.74157e-11
2.375 -69.9998 7e-05 3.74157e-11
2.4 -69.9998 7e-05 3.74157e-11
2.425 -69.9998 7e-05 3.74157e-11
2.45 -69.9997 7e-05 3.74158e-11
2.475 -69.9997 7e-05 3.74158e-11
2.5 -69.9997 7e-05 3.74158e-11
2.525 -69.9997 7e-05 3.74158e-11
2.55 -69.9997 7e-05 3.74158e-11
2.575 -69.9997 7e-05 3.74158e-11
2.6 -69.9997 7e-05 3.74158e-11
2.625 -69.9997 7e-05 3.74158e-11
2.65 -69.9997 7e-05 3.74158e-11
2.675 -69.9997 7e-05 3.74158e-11
2.7 -69.9997 7e-05 3.74158e-11
2.725 -69.9997 7e-05 3.74158e-11
2.75 -69.9997 7e-05 3.74158e-11
2.775 -69.9997 7e-05 3.74158e-11
2.8 -69.9997 7e-05 3.74158e-11
2.825 -69.9997 7e-05 3.74159e-11
2.85 -69.9997 7e-05 3.74159e-11
2.875 -69.9997 7e-05 3.74159e-11
2.9 -69.9997 7e-05 3.74159e-11
2.925 -69.9997 7e-05 3.74159e-11
2.95 -69.9997 7e-05 3.74159e-11
2.975 -69.9997 7e-05 3.74159e-11
3 -69.9997 7e-05 3.74159e-11
3.025 -69.9997 7e-05 3.74159e-11
3.05 -69.9997 7e-05 3.74159e-11
3.075 -69.9997 7e-05 3.74159e-11
3.1 -69.9997 7e-05 3.74159e-11
3.125 -69.9997 7e-05 3.74159e-11
3.15 -69.9997 7e-05 3.74159e-11
3.175 -69.9997 7e-05 3.7416e-11
3.2 -69.9997 7e-05 3.7416e-11
3.225 -69.9997 7e-05 3.7416e-11
3.25 -69.9997 7e-05 3.7416e-11
3.275 -69.9997 7e-05 3.7416e-11
3.3 -69.9997 7e-05 3.7416e-11
3.325 -69.9997 7e-05 3.7416e-11
3.35 -69.9997 7e-05 3.7416e-11
3.375 -69.9997 7e-05 3.7416e-11
3.4 -69.9997 7e-05 3.7416e-11
3.425 -69.9997 7e-05 3.7416e-11
3.45 -69.9997 7e-05 3.7416e-11
3.475 -69.9997 7e-05 3.7416e-11
3.5 -69.9997 7e-05 3.7416e-11
3.525 -69.9997 7e-05 3.7416e-11
3.55 -69.9997 7e-05 3.74161e-11
3.575 -69.9997 7e-05 3.74161e-11
3.6 -69.9997 7e-05 3.74161e-11
3.625 -69.9997 7e-05 3.74161e-11
3.65 -69.9997 7e-05 3.74161e-11
3.675 -69.9997 7e-05 3.74161e-11
3.7 -69.9997 7e-05 3.74161e-11
3.725 -69.9997 7e-05 3.74161e-11
3.75 -69.9997 7e-05 3.74161e-11
3.775 -69.9997 7e-05 3.74161e-11
3.8 -69.9997 7e-05 3.74161e-11
3.825 -69.9997 7e-05 3.74161e-11
3.85 -69.9997 7e-05 3.74161e-11
3.875 -69.9997 7e-05 3.74161e-11
3.9 -69.9997 7e-05 3.74161e-11
3.925 -69.9997 7e-05 3.74162e-11
3.95 -69.9997 7e-05 3.74162e-11
3.975 -69.9997 7e-05 3.74162e-11
4 -69.9997 7e-05 3.74162e-11
4.025 -69.9997 7e-05 3.74162e-11
4.05 -69.9996 7e-05 3.74162e-11
4.075 -69.9996 7e-05 3.74162e-11
4.1 -69.9996 7e-05 3.74162e-11
4.125 -69.9996 7e-05 3.74162e-11
4.15 -69.9996 7e-05 3.74162e-11
4.175 -69.9996 7e-05 3.74162e-11
4.2 -69.9996 7e-05 3.74162e-11
4.225 -69.9996 7e-05 3.74162e-11
4.25 -69.9996 7e-05 3.74162e-11
4.275 -69.9996 7e-05 3.74162e-11
4.3 -69.9996 7e-05 3.74163e-11
4.325 -69.9996 7e-05 3.74163e-11
4.35 -69.9996 7e-05 3.74163e-11
4.375 -69.9996 7e-05 3.74163e-11
4.4 -69.9996 7e-05 3.74163e-11
4.425 -69.9996 7e-05 3.74163e-11
4.45 -69.9996 7e-05 3.74163e-11
4.475 -69.9996 7e-05 3.74163e-11
4.5 -69.9996 7e-05 3.74163e-11
4.525 -69.9996 7e-05 3.74163e-11
4.55 -69.9996 7e-05 3.74163e-11
4.575 -69.9996 7e-05 3.74163e-11
4.6 -69.9996 7e-05 3.74163e-11
4.625 -69.9996 7e-05 3.74163e-11
4.65 -69.9996 7e-05 3.74163e-11
4.675 -69.9996 7e-05 3.74164e-11
4.7 -69.9996 7e-05 3.74164e-11
4.725 -69.9996 7e-05 3.74164e-11
4.75 -69.9996 7e-05 3.74164e-11
4.775 -69.9996 7e-05 3.74164e-11
4.8 -69.9996 7e-05 3.74164e-11
4.825 -69.9996 7e-05 3.74164e-11
4.85 -69.9996 7e-05 3.74164e-11
4.875 -69.9996 7e-05 3.74164e-11
4.9 -69.9996 7e-05 3.74164e-11
4.925 -69.9996 7e-05 3.74164e-11
4.95 -69.9996 7e-05 3.74164e-11
4.975 -69.9996 7e-05 3.74164e-11
5 -69.9996 7e-05 3.74164e-11
5.025 -66.4304 7e-05 4.63193e-11
5.05 -63.7151 7e-05 5.3177e-11
5.075 -61.43 7e-05 5.90669e-11
5.1 -59.4259 7e-05 6.43777e-11
5.125 -57.6263 7e-05 6.93157e-11
5.15 -55.9838 7e-05 7.40125e-11
5.175 -54.4661 7e-05 7.8562e-11
5.2 -53.0498 7.00001e-05 8.30359e-11
5.225 -51.7166 7.00001e-05 8.74922e-11
5.25 -50.452 7.00002e-05 9.19809e-11
5.275 -49.2432 7.00003e-05 9.65478e-11
5.3 -48.0784 7.00005e-05 1.01238e-10
5.325 -46.9461 7.00008e-05 1.06098e-10
5.35 -45.8336 7.00011e-05 1.11181e-10
5.375 -44.7269 7.00017e-05 1.1655e-10
5.4 -43.6092 7.00025e-05 1.2228e-10
5.425 -42.4598 7.00037e-05 1.28473e-10
5.45 -41.2521 7.00053e-05 1.3526e-10
5.475 -39.9507 7.00077e-05 1.42825e-10
5.5 -38.5064 7.0011e-05 1.51431e-10
5.525 -36.8485 7.00158e-05 1.61474e-10
5.55 -34.8703 7.00228e-05 1.73567e-10
5.575 -32.405 7.00334e-05 1.88719e-10
5.6 -29.1817 7.005e-05 2.08675e-10
5.625 -24.7583 7.00776e-05 2.36607e-10
5.65 -18.4556 7.01271e-05 2.78531e-10
5.675 -9.50879 7.02275e-05 3.46048e-10
5.7 2.0112 7.04742e-05 4.62429e-10
5.725 14.0404 7.12958e-05 6.85038e-10
5.75 23.9088 7.5334e-05 8.96598e-10
5.775 30.6245 9.96781e-05 1.19638e-09
5.8 34.7891 0.000219712 9.62206e-09
5.825 37.3717 0.000602867 8.57589e-06
5.85 39.048 0.00140682 0.000840873
5.875 40.1497 0.0026734 0.00630853
5.9 40.7106 0.00434429 0.0306288
5.925 40.7584 0.00631191 0.0692549
5.95 40.4231 0.00846503 0.107511
5.975 39.7585 0.0107161 0.145001
6 38.7945 0.0130052 0.181436
6.025 35.355 0.0152993 0.212686
6.05 32.8274 0.0175854 0.243513
6.075 30.5288 0.0200132 0.273138
6.1 28.2561 0.0224992 0.301239
6.125 25.9411 0.0250211 0.327649
6.15 23.5656 0.0275758 0.352282
6.175 21.1326 0.0301666 0.375107
6.2 18.6542 0.0327982 0.396131
6.225 16.1461 0.035475 0.415392
6.25 13.6252 0.0381996 0.432947
6.275 11.1081 0.0409725 0.448809
6.3 8.61979 0.0437921 0.462172
6.325 6.17687 0.046654 0.473269
6.35 3.79009 0.0495509 0.482322
6.375 1.46574 0.0524723 0.489536
6.4 -0.7939 0.0554054 0.495091
6.425 -2.99002 0.0583352 0.499141
6.45 -5.12702 0.0612442 0.501808
6.475 -7.21214 0.0641127 0.503184
6.5 -9.25528 0.0669191 0.50333
6.525 -11.2688 0.0696395 0.502271
6.55 -13.2672 0.0722479 0.5
6.575 -15.2673 0.0747162 0.49648
6.6 -17.2876 0.0770141 0.491641
6.625 -19.3487 0.0791092 0.485385
6.65 -21.4725 0.0809665 0.47759
6.675 -23.6814 0.0825494 0.468114
6.7 -25.9973 0.0838192 0.456814
6.725 -28.4386 0.084737 0.443566
6.75 -31.0162 0.085265 0.428304
6.775 -33.7271 0.0853712 0.41108
6.8 -36.5464 0.0850359 0.392134
6.825 -39.4205 0.084261 0.37196
6.85 -42.2664 0.0830811 0.351318
6.875 -44.9854 0.0815694 0.331118
6.9 -47.4892 0.0798302 0.312202
6.925 -49.7257 0.077974 0.295111
6.95 -51.685 0.0760874 0.280023
6.975 -53.3869 0.0742198 0.266854
7 -54.8633 0.0723907 0.255393
7.025 -56.1478 0.0706054 0.245402
7.05 -57.2716 0.0688639 0.236653
7.075 -58.2615 0.0671654 0.228942
7.1 -59.1398 0.0655088 0.222101
7.125 -59.9249 0.0638931 0.215986
7.15 -60.6316 0.0623173 0.210484
7.175 -61.2721 0.0607804 0.2055
7.2 -61.8561 0.0592814 0.200958
7.225 -62.3916 0.0578195 0.196795
7.25 -62.8852 0.0563937 0.19296
7.275 -63.3423 0.055003 0.189409
7.3 -63.7674 0.0536467 0.186109
7.325 -64.1642 0.0523239 0.183029
7.35 -64.536 0.0510338 0.180144
7.375 -64.8854 0.0497755 0.177433
7.4 -65.2148 0.0485482 0.174878
7.425 -65.5261 0.0473513 0.172463
7.45 -65.821 0.0461839 0.170175
7.475 -66.1012 0.0450454 0.168001
7.5 -66.3678 0.0439349 0.165932
7.525 -66.6221 0.0428519 0.163959
7.55 -66.8651 0.0417956 0.162072
7.575 -67.0977 0.0407654 0.160265
7.6 -67.3208 0.0397606 0.158532
7.625 -67.535 0.0387807 0.156866
7.65 -67.7411 0.0378249 0.155263
7.675 -67.9396 0.0368927 0.153717
7.7 -68.1311 0.0359836 0.152225
7.725 -68.316 0.0350968 0.150782
7.75 -68.4949 0.034232 0.149385
7.775 -68.6682 0.0333886 0.14803
7.8 -68.8363 0.0325659 0.146715
7.825 -68.9995 0.0317636 0.145435
7.85 -69.1582 0.0309811 0.144189
7.875 -69.3126 0.0302179 0.142974
7.9 -69.4632 0.0294735 0.141787
7.925 -69.6102 0.0287476 0.140626
7.95 -69.7537 0.0280395 0.13949
7.975 -69.8942 0.0273489 0.138375
8 -70.0317 0.0266754 0.137281
8.025 -70.1665 0.0260185 0.136205
8.05 -70.2987 0.0253779 0.135146
8.075 -70.4287 0.024753 0.134103
8.1 -70.5564 0.0241436 0.133074
8.125 -70.682 0.0235492 0.132058
8.15 -70.8058 0.0229695 0.131054
8.175 -70.9277 0.0224041 0.13006
8.2 -71.048 0.0218527 0.129077
8.225 -71.1666 0.0213149 0.128102
8.25 -71.2838 0.0207903 0.127135
8.275 -71.3995 0.0202787 0.126176
8.3 -71.5138 0.0197798 0.125224
8.325 -71.6268 0.0192931 0.124278
8.35 -71.7386 0.0188185 0.123338
8.375 -71.8491 0.0183556 0.122403
8.4 -71.9585 0.0179041 0.121473
8.425 -72.0667 0.0174638 0.120549
8.45 -72.1737 0.0170344 0.119628
8.475 -72.2797 0.0166155 0.118712
8.5 -72.3845 0.016207 0.1178
8.525 -72.4883 0.0158086 0.116892
8.55 -72.591 0.01542 0.115987
8.575 -72.6926 0.015041 0.115087
8.6 -72.7932 0.0146714 0.114189
8.625 -72.8927 0.0143109 0.113296
8.65 -72.9911 0.0139592 0.112405
8.675 -73.0885 0.0136163 0.111518
8.7 -73.1847 0.0132819 0.110635
8.725 -73.2799 0.0129557 0.109755
8.75 -73.374 0.0126375 0.108879
8.775 -73.467 0.0123272 0.108006
8.8 -73.5589 0.0120246 0.107136
8.825 -73.6497 0.0117294 0.10627
8.85 -73.7394 0.0114416 0.105407
8.875 -73.8279 0.0111608 0.104548
8.9 -73.9153 0.010887 0.103693
8.925 -74.0016 0.0106199 0.102841
8.95 -74.0867 0.0103594 0.101994
8.975 -74.1706 0.0101054 0.101149
9 -74.2534 0.00985759 0.100309
9.025 -74.335 0.00961593 0.0994726
9.05 -74.4154 0.00938024 0.0986401
9.075 -74.4946 0.00915037 0.0978115
9.1 -74.5726 0.00892617 0.0969871
9.125 -74.6494 0.00870751 0.0961667
9.15 -74.7251 0.00849425 0.0953505
9.175 -74.7995 0.00828626 0.0945385
9.2 -74.8727 0.0080834 0.0937309
9.225 -74.9447 0.00788555 0.0929277
9.25 -75.0156 0.00769258 0.0921289
9.275 -75.0852 0.00750438 0.0913346
9.3 -75.1536 0.00732082 0.090545
9.325 -75.2208 0.0071418 0.08976
9.35 -75.2869 0.0069672 0.0889797
9.375 -75.3518 0.0067969 0.0882043
9.4 -75.4154 0.00663082 0.0874337
9.425 -75.478 0.00646883 0.086668
9.45 -75.5393 0.00631084 0.0859073
9.475 -75.5995 0.00615675 0.0851515
9.5 -75.6586 0.00600647 0.0844007
9.525 -75.7165 0.0058599 0.0836549
9.55 -75.7733 0.00571695 0.082914
9.575 -75.829 0.00557752 0.0821779
9.6 -75.8836 0.00544154 0.0814467
9.625 -75.937 0.00530892 0.0807202
9.65 -75.9894 0.00517957 0.0799983
9.675 -76.0406 0.00505341 0.0792807
9.7 -76.0908 0.00493037 0.0785673
9.725 -76.1399 0.00481037 0.0778579
9.75 -76.1878 0.00469333 0.077152
9.775 -76.2346 0.00457918 0.0764494
9.8 -76.2803 0.00446785 0.0757495
9.825 -76.3249 0.00435926 0.075052
9.85 -76.3684 0.00425336 0.0743562
9.875 -76.4106 0.00415007 0.0736614
9.9 -76.4516 0.00404934 0.0729668
9.925 -76.4914 0.00395109 0.0722715
9.95 -76.5298 0.00385526 0.0715741
9.975 -76.5669 0.0037618 0.0708734
10 -76.6027 0.00367065 0.0701731
10.025 -76.6372 0.00358175 0.069486
10.05 -76.6708 0.00349505 0.0688109
10.075 -76.7033 0.00341048 0.0681471
10.1 -76.7351 0.003328 0.0674938
10.125 -76.766 0.00324756 0.0668506
10.15 -76.7962 0.00316911 0.0662171
10.175 -76.8258 0.00309259 0.0655928
10.2 -76.8546 0.00301796 0.0649774
10.225 -76.8828 0.00294518 0.0643707
10.25 -76.9105 0.00287419 0.0637724
10.275 -76.9375 0.00280495 0.0631822
10.3 -76.9641 0.00273743 0.0625999
10.325 -76.9901 0.00267157 0.0620253
10.35 -77.0156 0.00260734 0.0614583
10.375 -77.0406 0.00254469 0.0608987
10.4 -77.0652 0.00248359 0.0603462
10.425 -77.0893 0.002424 0.0598008
10.45 -77.1129 0.00236588 0.0592623
10.475 -77.1362 0.00230919 0.0587305
10.5 -77.1591 0.00225391 0.0582053
10.525 -77.1815 0.00219998 0.0576866
10.55 -77.2036 0.0021474 0.0571743
10.575 -77.2253 0.0020961 0.0566682
10.6 -77.2467 0.00204608 0.0561682
10.625 -77.2677 0.00199729 0.0556742
10.65 -77.2883 0.00194971 0.0551861
10.675 -77.3087 0.00190329 0.0547038
10.7 -77.3287 0.00185803 0.0542273
10.725 -77.3484 0.00181388 0.0537563
10.75 -77.3677 0.00177083 0.0532908
10.775 -77.3868 0.00172883 0.0528308
10.8 -77.4056 0.00168788 0.0523761
10.825 -77.4241 0.00164793 0.0519266
10.85 -77.4423 0.00160897 0.0514824
10.875 -77.4603 0.00157097 0.0510432
10.9 -77.4779 0.00153392 0.050609
10.925 -77.4954 0.00149777 0.0501798
10.95 -77.5125 0.00146252 0.0497554
10.975 -77.5294 0.00142814 0.0493359
11 -77.5461 0.00139461 0.048921
11.025 -77.5625 0.0013619 0.0485108
11.05 -77.5786 0.00133 0.0481053
11.075 -77.5946 0.00129889 0.0477042
11.1 -77.6103 0.00126855 0.0473076
11.125 -77.6258 0.00123896 0.0469154
11.15 -77.641 0.0012101 0.0465275
11.175 -77.6561 0.00118195 0.0461439
11.2 -77.6709 0.0011545 0.0457645
11.225 -77.6855 0.00112772 0.0453893
11.25 -77.6999 0.0011016 0.0450182
11.275 -77.7142 0.00107613 0.0446511
11.3 -77.7282 0.00105129 0.044288
11.325 -77.742 0.00102706 0.0439288
11.35 -77.7556 0.00100343 0.0435735
11.375 -77.769 0.000980387 0.0432221
11.4 -77.7823 0.00095791 0.0428744
11.425 -77.7953 0.000935987 0.0425304
11.45 -77.8082 0.000914606 0.0421901
11.475 -77.8209 0.000893753 0.0418534
11.5 -77.8334 0.000873414 0.0415203
11.525 -77.8457 0.000853578 0.0411907
11.55 -77.8579 0.000834231 0.0408645
11.575 -77.8699 0.000815362 0.0405418
11.6 -77.8817 0.000796959 0.0402225
11.625 -77.8934 0.00077901 0.0399065
11.65 -77.9049 0.000761505 0.0395938
11.675 -77.9162 0.000744432 0.0392843
11.7 -77.9273 0.00072778 0.038978
11.725 -77.9384 0.000711539 0.0386749
11.75 -77.9492 0.000695699 0.0383749
11.775 -77.9599 0.000680251 0.038078
11.8 -77.9704 0.000665184 0.0377841
11.825 -77.9808 0.000650489 0.0374932
11.85 -77.9911 0.000636156 0.0372053
11.875 -78.0012 0.000622178 0.0369203
11.9 -78.0111 0.000608545 0.0366381
11.925 -78.0209 0.000595248 0.0363588
11.95 -78.0306 0.000582279 0.0360823
11.975 -78.0401 0.000569631 0.0358086
12 -78.0494 0.000557295 0.0355376
12.025 -78.0587 0.000545264 0.0352693
12.05 -78.0678 0.00053353 0.0350037
12.075 -78.0767 0.000522085 0.0347406
12.1 -78.0855 0.000510923 0.0344802
12.125 -78.0942 0.000500037 0.0342224
12.15 -78.1028 0.000489419 0.033967
12.175 -78.1112 0.000479063 0.0337142
12.2 -78.1195 0.000468964 0.0334638
12.225 -78.1276 0.000459113 0.0332159
12.25 -78.1357 0.000449506 0.0329704
12.275 -78.1436 0.000440136 0.0327272
12.3 -78.1513 0.000430997 0.0324864
12.325 -78.159 0.000422084 0.0322479
12.35 -78.1665 0.000413391 0.0320117
12.375 -78.1739 0.000404913 0.0317777
12.4 -78.1812 0.000396644 0.031546
12.425 -78.1884 0.000388579 0.0313165
12.45 -78.1955 0.000380713 0.0310891
12.475 -78.2024 0.000373042 0.0308639
12.5 -78.2092 0.000365559 0.0306409
12.525 -78.2159 0.000358262 0.0304199
12.55 -78.2225 0.000351145 0.030201
12.575 -78.229 0.000344203 0.0299841
12.6 -78.2354 0.000337433 0.0297693
12.625 -78.2416 0.00033083 0.0295565
12.65 -78.2478 0.00032439 0.0293456
12.675 -78.2538 0.000318109 0.0291367
12.7 -78.2597 0.000311984 0.0289297
12.725 -78.2656 0.000306009 0.0287246
12.75 -78.2713 0.000300182 0.0285214
12.775 -78.2769 0.000294499 0.02832
12.8 -78.2824 0.000288956 0.0281205
12.825 -78.2878 0.00028355 0.0279228
12.85 -78.2931 0.000278277 0.0277269
12.875 -78.2983 0.000273135 0.0275327
12.9 -78.3034 0.000268119 0.0273403
12.925 -78.3085 0.000263228 0.0271496
12.95 -78.3134 0.000258457 0.0269607
12.975 -78.3182 0.000253804 0.0267734
13 -78.3229 0.000249266 0.0265878
13.025 -78.3275 0.00024484 0.0264038
13.05 -78.3321 0.000240523 0.0262215
13.075 -78.3365 0.000236313 0.0260408
13.1 -78.3408 0.000232206 0.0258617
13.125 -78.3451 0.000228202 0.0256841
13.15 -78.3493 0.000224296 0.0255081
13.175 -78.3533 0.000220486 0.0253337
13.2 -78.3573 0.000216771 0.0251607
13.225 -78.3612 0.000213147 0.0249893
13.25 -78.365 0.000209612 0.0248193
13.275 -78.3688 0.000206165 0.0246508
13.3 -78.3724 0.000202803 0.0244838
13.325 -78.376 0.000199525 0.0243182
13.35 -78.3794 0.000196327 0.024154
13.375 -78.3828 0.000193208 0.0239912
13.4 -78.3861 0.000190166 0.0238298
13.425 -78.3894 0.000187199 0.0236698
13.45 -78.3925 0.000184305 0.0235111
13.475 -78.3956 0.000181483 0.0233538
13.5 -78.3986 0.00017873 0.0231978
13.525 -78.4015 0.000176046 0.0230431
13.55 -78.4043 0.000173427 0.0228897
13.575 -78.4071 0.000170874 0.0227375
13.6 -78.4097 0.000168383 0.0225867
13.625 -78.4124 0.000165954 0.0224371
13.65 -78.4149 0.000163585 0.0222887
13.675 -78.4173 0.000161274 0.0221416
13.7 -78.4197 0.000159021 0.0219956
13.725 -78.422 0.000156823 0.0218509
13.75 -78.4243 0.000154679 0.0217074
13.775 -78.4265 0.000152588 0.021565
13.8 -78.4286 0.000150549 0.0214238
13.825 -78.4306 0.000148561 0.0212837
13.85 -78.4326 0.000146621 0.0211448
13.875 -78.4345 0.000144729 0.0210069
13.9 -78.4363 0.000142884 0.0208702
13.925 -78.4381 0.000141085 0.0207346
13.95 -78.4398 0.000139329 0.0206001
13.975 -78.4414 0.000137618 0.0204667
14 -78.443 0.000135948 0.0203343
14.025 -78.4445 0.00013432 0.020203
14.05 -78.4459 0.000132732 0.0200727
14.075 -78.4473 0.000131183 0.0199434
14.1 -78.4486 0.000129672 0.0198152
14.125 -78.4499 0.000128199 0.0196879
14.15 -78.4511 0.000126762 0.0195617
14.175 -78.4522 0.000125361 0.0194364
14.2 -78.4533 0.000123994 0.0193122
14.225 -78.4543 0.000122661 0.0191889
14.25 -78.4552 0.000121361 0.0190665
14.275 -78.4561 0.000120092 0.0189451
14.3 -78.457 0.000118856 0.0188246
14.325 -78.4578 0.000117649 0.0187051
14.35 -78.4585 0.000116473 0.0185865
14.375 -78.4592 0.000115326 0.0184688
14.4 -78.4598 0.000114206 0.018352
14.425 -78.4604 0.000113115 0.018236
14.45 -78.4609 0.00011205 0.018121
14.475 -78.4613 0.000111012 0.0180068
14.5 -78.4618 0.00011 0.0178935
14.525 -78.4621 0.000109012 0.017781
14.55 -78.4624 0.000108049 0.0176694
14.575 -78.4627 0.000107109 0.0175587
14.6 -78.4629 0.000106193 0.0174487
14.625 -78.463 0.0001053 0.0173396
14.65 -78.4631 0.000104428 0.0172313
14.675 -78.4632 0.000103578 0.0171238
14.7 -78.4632 0.000102749 0.0170171
14.725 -78.4632 0.00010194 0.0169111
14.75 -78.4631 0.000101152 0.016806
14.775 -78.4629 0.000100383 0.0167016
14.8 -78.4628 9.96325e-05 0.016598
14.825 -78.4625 9.89008e-05 0.0164952
14.85 -78.4623 9.81873e-05 0.0163931
14.875 -78.4619 9.74913e-05 0.0162918
14.9 -78.4616 9.68126e-05 0.0161911
14.925 -78.4612 9.61505e-05 0.0160913
14.95 -78.4607 9.55049e-05 0.0159921
14.975 -78.4602 9.48752e-05 0.0158937
15 -78.4597 9.4261e-05 0.0157959
15.025 -78.4591 9.3662e-05 0.0156989
15.05 -78.4585 9.30778e-05 0.0156026
15.075 -78.4578 9.2508e-05 0.0155069
15.1 -78.4571 9.19523e-05 0.0154119
15.125 -78.4564 9.14103e-05 0.0153176
15.15 -78.4556 9.08816e-05 0.015224
15.175 -78.4548 9.03661e-05 0.0151311
15.2 -78.4539 8.98632e-05 0.0150388
15.225 -78.453 8.93728e-05 0.0149471
15.25 -78.4521 8.88945e-05 0.0148561
15.275 -78.4511 8.8428e-05 0.0147658
15.3 -78.4501 8.7973e-05 0.014676
15.325 -78.4491 8.75292e-05 0.0145869
15.35 -78.448 8.70964e-05 0.0144984
15.375 -78.4469 8.66743e-05 0.0144106
15.4 -78.4457 8.62626e-05 0.0143233
15.425 -78.4445 8.58611e-05 0.0142367
15.45 -78.4433 8.54695e-05 0.0141506
15.475 -78.442 8.50876e-05 0.0140652
15.5 -78.4407 8.4715e-05 0.0139803
15.525 -78.4394 8.43517e-05 0.013896
15.55 -78.438 8.39974e-05 0.0138123
15.575 -78.4366 8.36518e-05 0.0137292
15.6 -78.4352 8.33147e-05 0.0136466
15.625 -78.4337 8.2986e-05 0.0135647
15.65 -78.4322 8.26654e-05 0.0134832
15.675 -78.4307 8.23526e-05 0.0134023
15.7 -78.4291 8.20477e-05 0.013322
15.725 -78.4275 8.17502e-05 0.0132422
15.75 -78.4259 8.14601e-05 0.0131629
15.775 -78.4243 8.11771e-05 0.0130842
15.8 -78.4226 8.09012e-05 0.013006
15.825 -78.4208 8.0632e-05 0.0129284
15.85 -78.4191 8.03695e-05 0.0128512
15.875 -78.4173 8.01135e-05 0.0127746
15.9 -78.4155 7.98638e-05 0.0126985
15.925 -78.4137 7.96202e-05 0.0126229
15.95 -78.4118 7.93827e-05 0.0125478
15.975 -78.4099 7.91511e-05 0.0124732
16 -78.408 7.89251e-05 0.0123991
16.025 -78.4061 7.87048e-05 0.0123255
16.05 -78.4041 7.84898e-05 0.0122523
16.075 -78.4021 7.82802e-05 0.0121797
16.1 -78.4001 7.80758e-05 0.0121075
16.125 -78.398 7.78764e-05 0.0120358
16.15 -78.396 7.76819e-05 0.0119646
16.175 -78.3939 7.74923e-05 0.0118938
16.2 -78.3917 7.73073e-05 0.0118235
16.225 -78.3896 7.71269e-05 0.0117537
16.25 -78.3874 7.69509e-05 0.0116843
16.275 -78.3852 7.67793e-05 0.0116154
16.3 -78.383 7.66119e-05 0.0115469
16.325 -78.3807 7.64486e-05 0.0114789
16.35 -78.3784 7.62894e-05 0.0114113
16.375 -78.3761 7.61341e-05 0.0113441
16.4 -78.3738 7.59827e-05 0.0112774
16.425 -78.3715 7.5835e-05 0.0112111
16.45 -78.3691 7.56909e-05 0.0111452
16.475 -78.3667 7.55504e-05 0.0110798
16.5 -78.3643 7.54134e-05 0.0110148
16.525 -78.3618 7.52797e-05 0.0109502
16.55 -78.3594 7.51493e-05 0.010886
16.575 -78.3569 7.50222e-05 0.0108222
16.6 -78.3544 7.48982e-05 0.0107588
16.625 -78.3519 7.47773e-05 0.0106958
16.65 -78.3493 7.46593e-05 0.0106333
16.675 -78.3468 7.45443e-05 0.0105711
16.7 -78.3442 7.44321e-05 0.0105093
16.725 -78.3416 7.43227e-05 0.0104479
16.75 -78.3389 7.42159e-05 0.0103869
16.775 -78.3363 7.41118e-05 0.0103263
16.8 -78.3336 7.40103e-05 0.0102661
16.825 -78.3309 7.39113e-05 0.0102062
16.85 -78.3282 7.38147e-05 0.0101467
16.875 -78.3255 7.37205e-05 0.0100876
16.9 -78.3228 7.36287e-05 0.0100289
16.925 -78.32 7.35391e-05 0.00997054
16.95 -78.3172 7.34517e-05 0.00991254
16.975 -78.3144 7.33665e-05 0.00985491
17 -78.3116 7.32834e-05 0.00979763
17.025 -78.3088 7.32023e-05 0.00974071
17.05 -78.3059 7.31232e-05 0.00968415
17.075 -78.3031 7.30461e-05 0.00962794
17.1 -78.3002 7.29709e-05 0.00957207
17.125 -78.2973 7.28976e-05 0.00951656
17.15 -78.2944 7.2826e-05 0.00946139
17.175 -78.2914 7.27562e-05 0.00940655
17.2 -78.2885 7.26882e-05 0.00935206
17.225 -78.2855 7.26218e-05 0.00929791
17.25 -78.2825 7.25571e-05 0.00924408
17.275 -78.2795 7.2494e-05 0.00919059
17.3 -78.2765 7.24324e-05 0.00913743
17.325 -78.2735 7.23723e-05 0.0090846
17.35 -78.2704 7.23138e-05 0.00903209
17.375 -78.2673 7.22566e-05 0.0089799
17.4 -78.2643 7.22009e-05 0.00892803
17.425 -78.2612 7.21466e-05 0.00887648
17.45 -78.2581 7.20936e-05 0.00882525
17.475 -78.2549 7.20419e-05 0.00877433
17.5 -78.2518 7.19915e-05 0.00872371
17.525 -78.2486 7.19423e-05 0.00867341
17.55 -78.2455 7.18943e-05 0.00862341
17.575 -78.2423 7.18476e-05 0.00857372
17.6 -78.2391 7.1802e-05 0.00852433
17.625 -78.2359 7.17575e-05 0.00847524
17.65 -78.2327 7.17141e-05 0.00842644
17.675 -78.2294 7.16717e-05 0.00837795
17.7 -78.2262 7.16305e-05 0.00832974
17.725 -78.2229 7.15902e-05 0.00828183
17.75 -78.2197 7.1551e-05 0.0082342
17.775 -78.2164 7.15127e-05 0.00818687
17.8 -78.2131 7.14753e-05 0.00813982
17.825 -78.2098 7.14389e-05 0.00809305
17.85 -78.2064 7.14034e-05 0.00804656
17.875 -78.2031 7.13687e-05 0.00800036
17.9 -78.1997 7.13349e-05 0.00795443
17.925 -78.1964 7.1302e-05 0.00790877
17.95 -78.193 7.12698e-05 0.00786339
17.975 -78.1896 7.12385e-05 0.00781828
18 -78.1862 7.12079e-05 0.00777345
18.025 -78.1828 7.11781e-05 0.00772888
18.05 -78.1794 7.1149e-05 0.00768457
18.075 -78.176 7.11206e-05 0.00764054
18.1 -78.1725 7.10929e-05 0.00759676
18.125 -78.1691 7.1066e-05 0.00755324
18.15 -78.1656 7.10396e-05 0.00750999
18.175 -78.1622 7.1014e-05 0.00746699
18.2 -78.1587 7.09889e-05 0.00742425
18.225 -78.1552 7.09645e-05 0.00738176
18.25 -78.1517 7.09407e-05 0.00733952
18.275 -78.1482 7.09175e-05 0.00729754
18.3 -78.1446 7.08948e-05 0.0072558
18.325 -78.1411 7.08727e-05 0.00721431
18.35 -78.1376 7.08512e-05 0.00717307
18.375 -78.134 7.08302e-05 0.00713207
18.4 -78.1304 7.08097e-05 0.00709131
18.425 -78.1269 7.07897e-05 0.00705079
18.45 -78.1233 7.07702e-05 0.00701051
18.475 -78.1197 7.07512e-05 0.00697047
18.5 -78.1161 7.07326e-05 0.00693067
18.525 -78.1125 7.07145e-05 0.0068911
18.55 -78.1089 7.06969e-05 0.00685176
18.575 -78.1052 7.06797e-05 0.00681266
18.6 -78.1016 7.06629e-05 0.00677378
18.625 -78.0979 7.06465e-05 0.00673514
18.65 -78.0943 7.06306e-05 0.00669672
18.675 -78.0906 7.0615e-05 0.00665852
18.7 -78.087 7.05998e-05 0.00662055
18.725 -78.0833 7.0585e-05 0.0065828
18.75 -78.0796 7.05706e-05 0.00654528
18.775 -78.0759 7.05565e-05 0.00650797
18.8 -78.0722 7.05427e-05 0.00647088
18.825 -78.0685 7.05293e-05 0.00643401
18.85 -78.0648 7.05163e-05 0.00639735
18.875 -78.061 7.05035e-05 0.00636091
18.9 -78.0573 7.04911e-05 0.00632468
18.925 -78.0536 7.0479e-05 0.00628866
18.95 -78.0498 7.04671e-05 0.00625285
18.975 -78.0461 7.04556e-05 0.00621726
19 -78.0423 7.04444e-05 0.00618186
19.025 -78.0385 7.04334e-05 0.00614668
19.05 -78.0347 7.04227e-05 0.0061117
19.075 -78.031 7.04122e-05 0.00607692
19.1 -78.0272 7.04021e-05 0.00604234
19.125 -78.0234 7.03921e-05 0.00600797
19.15 -78.0196 7.03825e-05 0.00597379
19.175 -78.0157 7.0373e-05 0.00593981
19.2 -78.0119 7.03638e-05 0.00590603
19.225 -78.0081 7.03548e-05 0.00587245
19.25 -78.0043 7.03461e-05 0.00583906
19.275 -78.0004 7.03375e-05 0.00580586
19.3 -77.9966 7.03292e-05 0.00577286
19.325 -77.9927 7.03211e-05 0.00574004
19.35 -77.9889 7.03131e-05 0.00570742
19.375 -77.985 7.03054e-05 0.00567499
19.4 -77.9811 7.02979e-05 0.00564274
19.425 -77.9773 7.02905e-05 0.00561068
19.45 -77.9734 7.02833e-05 0.0055788
19.475 -77.9695 7.02763e-05 0.00554711
19.5 -77.9656 7.02695e-05 0.0055156
19.525 -77.9617 7.02629e-05 0.00548427
19.55 -77.9578 7.02564e-05 0.00545312
19.575 -77.9539 7.025e-05 0.00542216
19.6 -77.95 7.02439e-05 0.00539137
19.625 -77.9461 7.02378e-05 0.00536076
19.65 -77.9421 7.0232e-05 0.00533032
19.675 -77.9382 7.02262e-05 0.00530006
19.7 -77.9343 7.02207e-05 0.00526997
19.725 -77.9303 7.02152e-05 0.00524006
19.75 -77.9264 7.02099e-05 0.00521032
19.775 -77.9224 7.02047e-05 0.00518074
19.8 -77.9185 7.01997e-05 0.00515134
19.825 -77.9145 7.01947e-05 0.00512211
19.85 -77.9106 7.01899e-05 0.00509304
19.875 -77.9066 7.01852e-05 0.00506415
19.9 -77.9026 7.01807e-05 0.00503541
19.925 -77.8986 7.01762e-05 0.00500685
19.95 -77.8947 7.01719e-05 0.00497844
19.975 -77.8907 7.01676e-05 0.0049502
20 -77.8867 7.01635e-05 0.00492212
20.025 -77.8827 7.01594e-05 0.0048942
20.05 -77.8787 7.01555e-05 0.00486644
20.075 -77.8747 7.01517e-05 0.00483884
20.1 -77.8707 7.01479e-05 0.0048114
20.125 -77.8666 7.01443e-05 0.00478411
20.15 -77.8626 7.01407e-05 0.00475698
20.175 -77.8586 7.01372e-05 0.00473001
20.2 -77.8546 7.01338e-05 0.00470318
20.225 -77.8506 7.01305e-05 0.00467652
20.25 -77.8465 7.01273e-05 0.00465
20.275 -77.8425 7.01242e-05 0.00462364
20.3 -77.8384 7.01211e-05 0.00459742
20.325 -77.8344 7.01181e-05 0.00457136
20.35 -77.8304 7.01152e-05 0.00454544
20.375 -77.8263 7.01124e-05 0.00451967
20.4 -77.8222 7.01096e-05 0.00449405
20.425 -77.8182 7.01069e-05 0.00446858
20.45 -77.8141 7.01042e-05 0.00444325
20.475 -77.8101 7.01017e-05 0.00441806
20.5 -77.806 7.00991e-05 0.00439302
20.525 -77.8019 7.00967e-05 0.00436812
20.55 -77.7978 7.00943e-05 0.00434336
20.575 -77.7938 7.0092e-05 0.00431874
20.6 -77.7897 7.00897e-05 0.00429427
20.625 -77.7856 7.00875e-05 0.00426993
20.65 -77.7815 7.00853e-05 0.00424573
20.675 -77.7774 7.00832e-05 0.00422167
20.7 -77.7733 7.00812e-05 0.00419774
20.725 -77.7692 7.00792e-05 0.00417395
20.75 -77.7651 7.00772e-05 0.0041503
20.775 -77.761 7.00753e-05 0.00412678
20.8 -77.7569 7.00735e-05 0.00410339
20.825 -77.7528 7.00716e-05 0.00408014
20.85 -77.7487 7.00699e-05 0.00405701
20.875 -77.7446 7.00681e-05 0.00403402
20.9 -77.7405 7.00665e-05 0.00401116
20.925 -77.7364 7.00648e-05 0.00398843
20.95 -77.7323 7.00632e-05 0.00396583
20.975 -77.7281 7.00617e-05 0.00394336
21 -77.724 7.00601e-05 0.00392101
21.025 -77.7199 7.00587e-05 0.00389879
21.05 -77.7157 7.00572e-05 0.0038767
21.075 -77.7116 7.00558e-05 0.00385473
21.1 -77.7075 7.00544e-05 0.00383288
21.125 -77.7033 7.00531e-05 0.00381116
21.15 -77.6992 7.00518e-05 0.00378957
21.175 -77.6951 7.00505e-05 0.00376809
21.2 -77.6909 7.00492e-05 0.00374674
21.225 -77.6868 7.0048e-05 0.00372551
21.25 -77.6826 7.00468e-05 0.00370439
21.275 -77.6785 7.00457e-05 0.0036834
21.3 -77.6743 7.00446e-05 0.00366253
21.325 -77.6702 7.00435e-05 0.00364177
21.35 -77.666 7.00424e-05 0.00362113
21.375 -77.6619 7.00413e-05 0.00360061
21.4 -77.6577 7.00403e-05 0.0035802
21.425 -77.6535 7.00393e-05 0.00355991
21.45 -77.6494 7.00383e-05 0.00353974
21.475 -77.6452 7.00374e-05 0.00351968
21.5 -77.6411 7.00365e-05 0.00349973
21.525 -77.6369 7.00356e-05 0.00347989
21.55 -77.6327 7.00347e-05 0.00346017
21.575 -77.6285 7.00338e-05 0.00344056
21.6 -77.6244 7.0033e-05 0.00342106
21.625 -77.6202 7.00322e-05 0.00340167
21.65 -77.616 7.00314e-05 0.00338238
21.675 -77.6119 7.00306e-05 0.00336321
21.7 -77.6077 7.00299e-05 0.00334415
21.725 -77.6035 7.00291e-05 0.00332519
21.75 -77.5993 7.00284e-05 0.00330634
21.775 -77.5951 7.00277e-05 0.0032876
21.8 -77.5909 7.0027e-05 0.00326896
21.825 -77.5868 7.00264e-05 0.00325043
21.85 -77.5826 7.00257e-05 0.003232
21.875 -77.5784 7.00251e-05 0.00321367
21.9 -77.5742 7.00245e-05 0.00319545
21.925 -77.57 7.00238e-05 0.00317734
21.95 -77.5658 7.00233e-05 0.00315932
21.975 -77.5616 7.00227e-05 0.00314141
22 -77.5574 7.00221e-05 0.00312359
22.025 -77.5532 7.00216e-05 0.00310588
22.05 -77.549 7.0021e-05 0.00308827
22.075 -77.5449 7.00205e-05 0.00307076
22.1 -77.5407 7.002e-05 0.00305334
22.125 -77.5365 7.00195e-05 0.00303603
22.15 -77.5323 7.0019e-05 0.00301881
22.175 -77.5281 7.00186e-05 0.00300168
22.2 -77.5239 7.00181e-05 0.00298466
22.225 -77.5197 7.00177e-05 0.00296773
22.25 -77.5155 7.00172e-05 0.0029509
22.275 -77.5113 7.00168e-05 0.00293416
22.3 -77.507 7.00164e-05 0.00291751
22.325 -77.5028 7.0016e-05 0.00290096
22.35 -77.4986 7.00156e-05 0.00288451
22.375 -77.4944 7.00152e-05 0.00286814
22.4 -77.4902 7.00148e-05 0.00285187
22.425 -77.486 7.00145e-05 0.00283569
22.45 -77.4818 7.00141e-05 0.0028196
22.475 -77.4776 7.00138e-05 0.0028036
22.5 -77.4734 7.00134e-05 0.00278769
22.525 -77.4692 7.00131e-05 0.00277187
22.55 -77.465 7.00128e-05 0.00275614
22.575 -77.4608 7.00124e-05 0.0027405
22.6 -77.4566 7.00121e-05 0.00272494
22.625 -77.4523 7.00118e-05 0.00270948
22.65 -77.4481 7.00115e-05 0.0026941
22.675 -77.4439 7.00113e-05 0.00267881
22.7 -77.4397 7.0011e-05 0.0026636
22.725 -77.4355 7.00107e-05 0.00264848
22.75 -77.4313 7.00105e-05 0.00263344
22.775 -77.4271 7.00102e-05 0.00261849
22.8 -77.4229 7.00099e-05 0.00260363
22.825 -77.4186 7.00097e-05 0.00258884
22.85 -77.4144 7.00095e-05 0.00257414
22.875 -77.4102 7.00092e-05 0.00255953
22.9 -77.406 7.0009e-05 0.00254499
22.925 -77.4018 7.00088e-05 0.00253054
22.95 -77.3976 7.00086e-05 0.00251617
22.975 -77.3934 7.00083e-05 0.00250188
23 -77.3891 7.00081e-05 0.00248767
23.025 -77.3849 7.00079e-05 0.00247354
23.05 -77.3807 7.00077e-05 0.00245949
23.075 -77.3765 7.00076e-05 0.00244551
23.1 -77.3723 7.00074e-05 0.00243162
23.125 -77.3681 7.00072e-05 0.00241781
23.15 -77.3638 7.0007e-05 0.00240407
23.175 -77.3596 7.00068e-05 0.00239041
23.2 -77.3554 7.00067e-05 0.00237683
23.225 -77.3512 7.00065e-05 0.00236332
23.25 -77.347 7.00063e-05 0.00234989
23.275 -77.3428 7.00062e-05 0.00233654
23.3 -77.3386 7.0006e-05 0.00232326
23.325 -77.3343 7.00059e-05 0.00231005
23.35 -77.3301 7.00057e-05 0.00229692
23.375 -77.3259 7.00056e-05 0.00228386
23.4 -77.3217 7.00055e-05 0.00227088
23.425 -77.3175 7.00053e-05 0.00225797
23.45 -77.3133 7.00052e-05 0.00224513
23.475 -77.3091 7.00051e-05 0.00223237
23.5 -77.3048 7.00049e-05 0.00221967
23.525 -77.3006 7.00048e-05 0.00220705
23.55 -77.2964 7.00047e-05 0.0021945
23.575 -77.2922 7.00046e-05 0.00218202
23.6 -77.288 7.00045e-05 0.00216961
23.625 -77.2838 7.00044e-05 0.00215727
23.65 -77.2796 7.00042e-05 0.002145
23.675 -77.2754 7.00041e-05 0.0021328
23.7 -77.2711 7.0004e-05 0.00212067
23.725 -77.2669 7.00039e-05 0.0021086
23.75 -77.2627 7.00038e-05 0.0020966
23.775 -77.2585 7.00037e-05 0.00208468
23.8 -77.2543 7.00037e-05 0.00207281
23.825 -77.2501 7.00036e-05 0.00206102
23.85 -77.2459 7.00035e-05 0.00204929
23.875 -77.2417 7.00034e-05 0.00203763
23.9 -77.2375 7.00033e-05 0.00202603
23.925 -77.2333 7.00032e-05 0.0020145
23.95 -77.2291 7.00031e-05 0.00200303
23.975 -77.2248 7.00031e-05 0.00199163
24 -77.2206 7.0003e-05 0.00198029
24.025 -77.2164 7.00029e-05 0.00196901
24.05 -77.2122 7.00028e-05 0.0019578
24.075 -77.208 7.00028e-05 0.00194665
24.1 -77.2038 7.00027e-05 0.00193557
24.125 -77.1996 7.00026e-05 0.00192455
24.15 -77.1954 7.00026e-05 0.00191359
24.175 -77.1912 7.00025e-05 0.00190269
24.2 -77.187 7.00025e-05 0.00189185
24.225 -77.1828 7.00024e-05 0.00188107
24.25 -77.1786 7.00023e-05 0.00187036
24.275 -77.1744 7.00023e-05 0.0018597
24.3 -77.1702 7.00022e-05 0.00184911
24.325 -77.166 7.00022e-05 0.00183857
24.35 -77.1618 7.00021e-05 0.00182809
24.375 -77.1576 7.00021e-05 0.00181768
24.4 -77.1534 7.0002e-05 0.00180732
24.425 -77.1493 7.0002e-05 0.00179702
24.45 -77.1451 7.00019e-05 0.00178677
24.475 -77.1409 7.00019e-05 0.00177659
24.5 -77.1367 7.00018e-05 0.00176646
24.525 -77.1325 7.00018e-05 0.00175639
24.55 -77.1283 7.00017e-05 0.00174638
24.575 -77.1241 7.00017e-05 0.00173642
24.6 -77.1199 7.00016e-05 0.00172652
24.625 -77.1157 7.00016e-05 0.00171667
24.65 -77.1115 7.00016e-05 0.00170688
24.675 -77.1074 7.00015e-05 0.00169715
24.7 -77.1032 7.00015e-05 0.00168747
24.725 -77.099 7.00015e-05 0.00167784
24.75 -77.0948 7.00014e-05 0.00166827
24.775 -77.0906 7.00014e-05 0.00165875
24.8 -77.0865 7.00013e-05 0.00164929
24.825 -77.0823 7.00013e-05 0.00163988
24.85 -77.0781 7.00013e-05 0.00163052
24.875 -77.0739 7.00012e-05 0.00162122
24.9 -77.0697 7.00012e-05 0.00161197
24.925 -77.0656 7.00012e-05 0.00160277
24.95 -77.0614 7.00012e-05 0.00159362
24.975 -77.0572 7.00011e-05 0.00158452
25 -77.053 7.00011e-05 0.00157548
25.025 -77.0489 7.00011e-05 0.00156648
25.05 -77.0447 7.0001e-05 0.00155754
25.075 -77.0405 7.0001e-05 0.00154865
25.1 -77.0364 7.0001e-05 0.0015398
25.125 -77.0322 7.0001e-05 0.00153101
25.15 -77.028 7.00009e-05 0.00152227
25.175 -77.0239 7.00009e-05 0.00151357
25.2 -77.0197 7.00009e-05 0.00150493
25.225 -77.0155 7.00009e-05 0.00149633
25.25 -77.0114 7.00009e-05 0.00148778
25.275 -77.0072 7.00008e-05 0.00147928
25.3 -77.0031 7.00008e-05 0.00147083
25.325 -76.9989 7.00008e-05 0.00146243
25.35 -76.9947 7.00008e-05 0.00145407
25.375 -76.9906 7.00008e-05 0.00144576
25.4 -76.9864 7.00007e-05 0.0014375
25.425 -76.9823 7.00007e-05 0.00142928
25.45 -76.9781 7.00007e-05 0.00142111
25.475 -76.974 7.00007e-05 0.00141299
25.5 -76.9698 7.00007e-05 0.00140491
25.525 -76.9657 7.00007e-05 0.00139688
25.55 -76.9615 7.00006e-05 0.00138889
25.575 -76.9574 7.00006e-05 0.00138095
25.6 -76.9533 7.00006e-05 0.00137305
25.625 -76.9491 7.00006e-05 0.0013652
25.65 -76.945 7.00006e-05 0.00135739
25.675 -76.9408 7.00006e-05 0.00134963
25.7 -76.9367 7.00005e-05 0.00134191
25.725 -76.9325 7.00005e-05 0.00133423
25.75 -76.9284 7.00005e-05 0.0013266
25.775 -76.9243 7.00005e-05 0.00131901
25.8 -76.9201 7.00005e-05 0.00131146
25.825 -76.916 7.00005e-05 0.00130396
25.85 -76.9119 7.00005e-05 0.0012965
25.875 -76.9078 7.00005e-05 0.00128908
25.9 -76.9036 7.00004e-05 0.0012817
25.925 -76.8995 7.00004e-05 0.00127436
25.95 -76.8954 7.00004e-05 0.00126707
25.975 -76.8912 7.00004e-05 0.00125981
26 -76.8871 7.00004e-05 0.0012526
26.025 -76.883 7.00004e-05 0.00124543
26.05 -76.8789 7.00004e-05 0.0012383
26.075 -76.8748 7.00004e-05 0.00123121
26.1 -76.8706 7.00004e-05 0.00122415
26.125 -76.8665 7.00004e-05 0.00121714
26.15 -76.8624 7.00003e-05 0.00121017
26.175 -76.8583 7.00003e-05 0.00120324
26.2 -76.8542 7.00003e-05 0.00119635
26.225 -76.8501 7.00003e-05 0.00118949
26.25 -76.846 7.00003e-05 0.00118268
26.275 -76.8419 7.00003e-05 0.0011759
26.3 -76.8378 7.00003e-05 0.00116916
26.325 -76.8337 7.00003e-05 0.00116246
26.35 -76.8296 7.00003e-05 0.0011558
26.375 -76.8255 7.00003e-05 0.00114917
26.4 -76.8214 7.00003e-05 0.00114259
26.425 -76.8173 7.00003e-05 0.00113604
26.45 -76.8132 7.00003e-05 0.00112952
26.475 -76.8091 7.00003e-05 0.00112305
26.5 -76.805 7.00002e-05 0.00111661
26.525 -76.8009 7.00002e-05 0.00111021
26.55 -76.7968 7.00002e-05 0.00110384
26.575 -76.7927 7.00002e-05 0.00109751
26.6 -76.7886 7.00002e-05 0.00109121
26.625 -76.7845 7.00002e-05 0.00108495
26.65 -76.7804 7.00002e-05 0.00107873
26.675 -76.7764 7.00002e-05 0.00107254
26.7 -76.7723 7.00002e-05 0.00106639
26.725 -76.7682 7.00002e-05 0.00106027
26.75 -76.7641 7.00002e-05 0.00105419
26.775 -76.7601 7.00002e-05 0.00104814
26.8 -76.756 7.00002e-05 0.00104212
26.825 -76.7519 7.00002e-05 0.00103614
26.85 -76.7478 7.00002e-05 0.00103019
26.875 -76.7438 7.00002e-05 0.00102428
26.9 -76.7397 7.00002e-05 0.0010184
26.925 -76.7356 7.00002e-05 0.00101255
26.95 -76.7316 7.00002e-05 0.00100674
26.975 -76.7275 7.00002e-05 0.00100096
27 -76.7234 7.00001e-05 0.000995208
27.025 -76.7194 7.00001e-05 0.000989492
27.05 -76.7153 7.00001e-05 0.000983809
27.075 -76.7113 7.00001e-05 0.000978158
27.1 -76.7072 7.00001e-05 0.000972539
27.125 -76.7032 7.00001e-05 0.000966952
27.15 -76.6991 7.00001e-05 0.000961397
27.175 -76.6951 7.00001e-05 0.000955873
27.2 -76.691 7.00001e-05 0.00095038
27.225 -76.687 7.00001e-05 0.000944919
27.25 -76.6829 7.00001e-05 0.000939488
27.275 -76.6789 7.00001e-05 0.000934089
27.3 -76.6748 7.00001e-05 0.00092872
27.325 -76.6708 7.00001e-05 0.000923381
27.35 -76.6668 7.00001e-05 0.000918073
27.375 -76.6627 7.00001e-05 0.000912795
27.4 -76.6587 7.00001e-05 0.000907546
27.425 -76.6547 7.00001e-05 0.000902328
27.45 -76.6506 7.00001e-05 0.000897139
27.475 -76.6466 7.00001e-05 0.00089198
27.5 -76.6426 7.00001e-05 0.00088685
27.525 -76.6385 7.00001e-05 0.000881749
27.55 -76.6345 7.00001e-05 0.000876677
27.575 -76.6305 7.00001e-05 0.000871633
27.6 -76.6265 7.00001e-05 0.000866619
27.625 -76.6225 7.00001e-05 0.000861633
27.65 -76.6184 7.00001e-05 0.000856675
27.675 -76.6144 7.00001e-05 0.000851745
27.7 -76.6104 7.00001e-05 0.000846843
27.725 -76.6064 7.00001e-05 0.000841969
27.75 -76.6024 7.00001e-05 0.000837123
27.775 -76.5984 7.00001e-05 0.000832305
27.8 -76.5944 7.00001e-05 0.000827513
27.825 -76.5904 7.00001e-05 0.000822749
27.85 -76.5864 7.00001e-05 0.000818012
27.875 -76.5824 7.00001e-05 0.000813302
27.9 -76.5784 7.00001e-05 0.000808619
27.925 -76.5744 7.00001e-05 0.000803962
27.95 -76.5704 7.00001e-05 0.000799332
27.975 -76.5664 7.00001e-05 0.000794728
28 -76.5624 7.00001e-05 0.00079015
28.025 -76.5584 7.00001e-05 0.000785598
28.05 -76.5544 7.00001e-05 0.000781073
28.075 -76.5504 7.00001e-05 0.000776572
28.1 -76.5464 7.00001e-05 0.000772098
28.125 -76.5425 7e-05 0.000767649
28.15 -76.5385 7e-05 0.000763225
28.175 -76.5345 7e-05 0.000758826
28.2 -76.5305 7e-05 0.000754453
28.225 -76.5265 7e-05 0.000750104
28.25 -76.5226 7e-05 0.00074578
28.275 -76.5186 7e-05 0.000741481
28.3 -76.5146 7e-05 0.000737206
28.325 -76.5107 7e-05 0.000732955
28.35 -76.5067 7e-05 0.000728729
28.375 -76.5027 7e-05 0.000724526
28.4 -76.4988 7e-05 0.000720348
28.425 -76.4948 7e-05 0.000716193
28.45 -76.4909 7e-05 0.000712062
28.475 -76.4869 7e-05 0.000707955
28.5 -76.4829 7e-05 0.000703871
28.525 -76.479 7e-05 0.00069981
28.55 -76.475 7e-05 0.000695772
28.575 -76.4711 7e-05 0.000691757
28.6 -76.4671 7e-05 0.000687766
28.625 -76.4632 7e-05 0.000683796
28.65 -76.4593 7e-05 0.00067985
28.675 -76.4553 7e-05 0.000675926
28.7 -76.4514 7e-05 0.000672024
28.725 -76.4474 7e-05 0.000668145
28.75 -76.4435 7e-05 0.000664287
28.775 -76.4396 7e-05 0.000660452
28.8 -76.4356 7e-05 0.000656639
28.825 -76.4317 7e-05 0.000652847
28.85 -76.4278 7e-05 0.000649077
28.875 -76.4239 7e-05 0.000645328
28.9 -76.4199 7e-05 0.000641601
28.925 -76.416 7e-05 0.000637895
28.95 -76.4121 7e-05 0.00063421
28.975 -76.4082 7e-05 0.000630546
29 -76.4043 7e-05 0.000626903
29.025 -76.4003 7e-05 0.000623281
29.05 -76.3964 7e-05 0.000619679
29.075 -76.3925 7e-05 0.000616098
29.1 -76.3886 7e-05 0.000612537
29.125 -76.3847 7e-05 0.000608997
29.15 -76.3808 7e-05 0.000605477
29.175 -76.3769 7e-05 0.000601977
29.2 -76.373 7e-05 0.000598497
29.225 -76.3691 7e-05 0.000595037
29.25 -76.3652 7e-05 0.000591597
29.275 -76.3613 7e-05 0.000588176
29.3 -76.3574 7e-05 0.000584775
29.325 -76.3535 7e-05 0.000581393
29.35 -76.3496 7e-05 0.00057803
29.375 -76.3457 7e-05 0.000574687
29.4 -76.3419 7e-05 0.000571363
29.425 -76.338 7e-05 0.000568057
29.45 -76.3341 7e-05 0.000564771
29.475 -76.3302 7e-05 0.000561504
29.5 -76.3263 7e-05 0.000558255
29.525 -76.3225 7e-05 0.000555024
29.55 -76.3186 7e-05 0.000551812
29.575 -76.3147 7e-05 0.000548619
29.6 -76.3108 7e-05 0.000545444
29.625 -76.307 7e-05 0.000542286
29.65 -76.3031 7e-05 0.000539147
29.675 -76.2993 7e-05 0.000536026
29.7 -76.2954 7e-05 0.000532923
29.725 -76.2915 7e-05 0.000529837
29.75 -76.2877 7e-05 0.000526769
29.775 -76.2838 7e-05 0.000523719
29.8 -76.28 7e-05 0.000520686
29.825 -76.2761 7e-05 0.00051767
29.85 -76.2723 7e-05 0.000514672
29.875 -76.2684 7e-05 0.000511691
29.9 -76.2646 7e-05 0.000508727
29.925 -76.2607 7e-05 0.000505779
29.95 -76.2569 7e-05 0.000502849
29.975 -76.2531 7e-05 0.000499935
