0 -70 7e-05 3.8279e-06
0.025 -70.0001 7e-05 3.82789e-06
0.05 -70.0001 7e-05 3.82788e-06
0.075 -70.0001 7e-05 3.82787e-06
0.1 -70.0002 7e-05 3.82786e-06
0.125 -70.0002 7e-05 3.82785e-06
0.15 -70.0002 7e-05 3.82784e-06
0.175 -70.0002 7e-05 3.82784e-06
0.2 -70.0002 7e-05 3.82783e-06
0.225 -70.0003 7e-05 3.82783e-06
0.25 -70.0003 7e-05 3.82782e-06
0.275 -70.0003 7e-05 3.82781e-06
0.3 -70.0003 7e-05 3.82781e-06
0.325 -70.0003 7e-05 3.8278e-06
0.35 -70.0003 7e-05 3.8278e-06
0.375 -70.0004 7e-05 3.82779e-06
0.4 -70.0004 7e-05 3.82779e-06
0.425 -70.0004 7e-05 3.82778e-06
0.45 -70.0004 7e-05 3.82778e-06
0.475 -70.0004 7e-05 3.82777e-06
0.5 -70.0004 7e-05 3.82777e-06
0.525 -70.0004 7e-05 3.82776e-06
0.55 -70.0004 7e-05 3.82776e-06
0.575 -70.0005 7e-05 3.82775e-06
0.6 -70.0005 7e-05 3.82775e-06
0.625 -70.0005 7e-05 3.82774e-06
0.65 -70.0005 7e-05 3.82774e-06
0.675 -70.0005 7e-05 3.82774e-06
0.7 -70.0005 7e-05 3.82773e-06
0.725 -70.0005 7e-05 3.82773e-06
0.75 -70.0005 7e-05 3.82772e-06
0.775 -70.0005 7e-05 3.82772e-06
0.8 -70.0005 7e-05 3.82771e-06
0.825 -70.0005 7e-05 3.82771e-06
0.85 -70.0006 7e-05 3.8277e-06
0.875 -70.0006 7e-05 3.8277e-06
0.9 -70.0006 7e-05 3.8277e-06
0.925 -70.0006 7e-05 3.82769e-06
0.95 -70.0006 7e-05 3.82769e-06
0.975 -70.0006 7e-05 3.82768e-06
1 -70.0006 7e-05 3.82768e-06
1.025 -70.0006 7e-05 3.82768e-06
1.05 -70.0006 7e-05 3.82767e-06
1.075 -70.0006 7e-05 3.82767e-06
1.1 -70.0006 7e-05 3.82766e-06
1.125 -70.0006 7e-05 3.82766e-06
1.15 -70.0006 7e-05 3.82766e-06
1.175 -70.0007 7e-05 3.82765e-06
1.2 -70.0007 7e-05 3.82765e-06
1.225 -70.0007 7e-05 3.82765e-06
1.25 -70.0007 7e-05 3.82764e-06
1.275 -70.0007 7e-05 3.82764e-06
1.3 -70.0007 7e-05 3.82763e-06
1.325 -70.0007 7e-05 3.82763e-06
1.35 -70.0007 7e-05 3.82763e-06
1.375 -70.0007 7e-05 3.82762e-06
1.4 -70.0007 7e-05 3.82762e-06
1.425 -70.0007 7e-05 3.82762e-06
1.45 -70.0007 7e-05 3.82761e-06
1.475 -70.0007 7e-05 3.82761e-06
1.5 -70.0007 7e-05 3.82761e-06
1.525 -70.0007 7e-05 3.8276e-06
1.55 -70.0008 7e-05 3.8276e-06
1.575 -70.0008 7e-05 3.8276e-06
1.6 -70.0008 7e-05 3.82759e-06
1.625 -70.0008 7e-05 3.82759e-06
1.65 -70.0008 7e-05 3.82759e-06
1.675 -70.0008 7e-05 3.82758e-06
1.7 -70.0008 7e-05 3.82758e-06
1.725 -70.0008 7e-05 3.82758e-06
1.75 -70.0008 7e-05 3.82757e-06
1.775 -70.0008 7e-05 3.82757e-06
1.8 -70.0008 7e-05 3.82757e-06
1.825 -70.0008 7e-05 3.82756e-06
1.85 -70.0008 7e-05 3.82756e-06
1.875 -70.0008 7e-05 3.82756e-06
1.9 -70.0008 7e-05 3.82755e-06
1.925 -70.0008 7e-05 3.82755e-06
1.95 -70.0008 7e-05 3.82755e-06
1.975 -70.0008 7e-05 3.82754e-06
2 -70.0009 7e-05 3.82754e-06
2.025 -70.0009 7e-05 3.82754e-06
2.05 -70.0009 7e-05 3.82754e-06
2.075 -70.0009 7e-05 3.82753e-06
2.1 -70.0009 7e-05 3.82753e-06
2.125 -70.0009 7e-05 3.82753e-06
2.15 -70.0009 7e-05 3.82752e-06
2.175 -70.0009 7e-05 3.82752e-06
2.2 -70.0009 7e-05 3.82752e-06
2.225 -70.0009 7e-05 3.82752e-06
2.25 -70.0009 7e-05 3.82751e-06
2.275 -70.0009 7e-05 3.82751e-06
2.3 -70.0009 7e-05 3.82751e-06
2.325 -70.0009 7e-05 3.8275e-06
2.35 -70.0009 7e-05 3.8275e-06
2.375 -70.0009 7e-05 3.8275e-06
2.4 -70.0009 7e-05 3.8275e-06
2.425 -70.0009 7e-05 3.82749e-06
2.45 -70.0009 7e-05 3.82749e-06
2.475 -70.0009 7e-05 3.82749e-06
2.5 -70.0009 7e-05 3.82749e-06
2.525 -70.001 7e-05 3.82748e-06
2.55 -70.001 7e-05 3.82748e-06
2.575 -70.001 7e-05 3.82748e-06
2.6 -70.001 7e-05 3.82747e-06
2.625 -70.001 7e-05 3.82747e-06
2.65 -70.001 7e-05 3.82747e-06
2.675 -70.001 7e-05 3.82747e-06
2.7 -70.001 7e-05 3.82746e-06
2.725 -70.001 7e-05 3.82746e-06
2.75 -70.001 7e-05 3.82746e-06
2.775 -70.001 7e-05 3.82746e-06
2.8 -70.001 7e-05 3.82745e-06
2.825 -70.001 7e-05 3.82745e-06
2.85 -70.001 7e-05 3.82745e-06
2.875 -70.001 7e-05 3.82745e-06
2.9 -70.001 7e-05 3.82744e-06
2.925 -70.001 7e-05 3.82744e-06
2.95 -70.001 7e-05 3.82744e-06
2.975 -70.001 7e-05 3.82744e-06
3 -70.001 7e-05 3.82743e-06
3.025 -70.001 7e-05 3.82743e-06
3.05 -70.001 7e-05 3.82743e-06
3.075 -70.0011 7e-05 3.82743e-06
3.1 -70.0011 7e-05 3.82742e-06
3.125 -70.0011 7e-05 3.82742e-06
3.15 -70.0011 7e-05 3.82742e-06
3.175 -70.0011 7e-05 3.82742e-06
3.2 -70.0011 7e-05 3.82742e-06
3.225 -70.0011 7e-05 3.82741e-06
3.25 -70.0011 7e-05 3.82741e-06
3.275 -70.0011 7e-05 3.82741e-06
3.3 -70.0011 7e-05 3.82741e-06
3.325 -70.0011 7e-05 3.8274e-06
3.35 -70.0011 7e-05 3.8274e-06
3.375 -70.0011 7e-05 3.8274e-06
3.4 -70.0011 7e-05 3.8274e-06
3.425 -70.0011 7e-05 3.8274e-06
3.45 -70.0011 7e-05 3.82739e-06
3.475 -70.0011 7e-05 3.82739e-06
3.5 -70.0011 7e-05 3.82739e-06
3.525 -70.0011 7e-05 3.82739e-06
3.55 -70.0011 7e-05 3.82738e-06
3.575 -70.0011 7e-05 3.82738e-06
3.6 -70.0011 7e-05 3.82738e-06
3.625 -70.0011 7e-05 3.82738e-06
3.65 -70.0011 7e-05 3.82738e-06
3.675 -70.0011 7e-05 3.82737e-06
3.7 -70.0012 7e-05 3.82737e-06
3.725 -70.0012 7e-05 3.82737e-06
3.75 -70.0012 7e-05 3.82737e-06
3.775 -70.0012 7e-05 3.82736e-06
3.8 -70.0012 7e-05 3.82736e-06
3.825 -70.0012 7e-05 3.82736e-06
3.85 -70.0012 7e-05 3.82736e-06
3.875 -70.0012 7e-05 3.82736e-06
3.9 -70.0012 7e-05 3.82735e-06
3.925 -70.0012 7e-05 3.82735e-06
3.95 -70.0012 7e-05 3.82735e-06
3.975 -70.0012 7e-05 3.82735e-06
4 -70.0012 7e-05 3.82735e-06
4.025 -70.0012 7e-05 3.82734e-06
4.05 -70.0012 7e-05 3.82734e-06
4.075 -70.0012 7e-05 3.82734e-06
4.1 -70.0012 7e-05 3.82734e-06
4.125 -70.0012 7e-05 3.82734e-06
4.15 -70.0012 7e-05 3.82733e-06
4.175 -70.0012 7e-05 3.82733e-06
4.2 -70.0012 7e-05 3.82733e-06
4.225 -70.0012 7e-05 3.82733e-06
4.25 -70.0012 7e-05 3.82733e-06
4.275 -70.0012 7e-05 3.82732e-06
4.3 -70.0012 7e-05 3.82732e-06
4.325 -70.0012 7e-05 3.82732e-06
4.35 -70.0012 7e-05 3.82732e-06
4.375 -70.0013 7e-05 3.82732e-06
4.4 -70.0013 7e-05 3.82731e-06
4.425 -70.0013 7e-05 3.82731e-06
4.45 -70.0013 7e-05 3.82731e-06
4.475 -70.0013 7e-05 3.82731e-06
4.5 -70.0013 7e-05 3.82731e-06
4.525 -70.0013 7e-05 3.8273e-06
4.55 -70.0013 7e-05 3.8273e-06
4.575 -70.0013 7e-05 3.8273e-06
4.6 -70.0013 7e-05 3.8273e-06
4.625 -70.0013 7e-05 3.8273e-06
4.65 -70.0013 7e-05 3.82729e-06
4.675 -70.0013 7e-05 3.82729e-06
4.7 -70.0013 7e-05 3.82729e-06
4.725 -70.0013 7e-05 3.82729e-06
4.75 -70.0013 7e-05 3.82729e-06
4.775 -70.0013 7e-05 3.82729e-06
4.8 -70.0013 7e-05 3.82728e-06
4.825 -70.0013 7e-05 3.82728e-06
4.85 -70.0013 7e-05 3.82728e-06
4.875 -70.0013 7e-05 3.82728e-06
4.9 -70.0013 7e-05 3.82728e-06
4.925 -70.0013 7e-05 3.82727e-06
4.95 -70.0013 7e-05 3.82727e-06
4.975 -70.0013 7e-05 3.82727e-06
5 -70.0013 7e-05 3.82727e-06
5.025 -66.4321 7e-05 4.73803e-06
5.05 -63.7169 7e-05 5.46529e-06
5.075 -61.4318 7e-05 6.12466e-06
5.1 -59.4278 7e-05 6.76019e-06
5.125 -57.6282 7e-05 7.39655e-06
5.15 -55.9857 7e-05 8.05032e-06
5.175 -54.4681 7e-05 8.73394e-06
5.2 -53.0518 7e-05 9.45736e-06
5.225 -51.7187 7e-05 1.02291e-05
5.25 -50.4542 7e-05 1.10569e-05
5.275 -49.2454 7e-05 1.19483e-05
5.3 -48.0808 7e-05 1.29109e-05
5.325 -46.9486 7.00001e-05 1.39533e-05
5.35 -45.8362 7.00001e-05 1.50855e-05
5.375 -44.7297 7.00001e-05 1.632e-05
5.4 -43.6123 7.00002e-05 1.76728e-05
5.425 -42.4632 7.00003e-05 1.91658e-05
5.45 -41.2559 7.00004e-05 2.08289e-05
5.475 -39.955 7.00006e-05 2.27051e-05
5.5 -38.5114 7.00009e-05 2.48578e-05
5.525 -36.8546 7.00013e-05 2.73841e-05
5.55 -34.8779 7.00019e-05 3.04388e-05
5.575 -32.4148 7.00028e-05 3.42827e-05
5.6 -29.1951 7.00042e-05 3.93805e-05
5.625 -24.7773 7.00065e-05 4.66165e-05
5.65 -18.4832 7.00106e-05 5.77901e-05
5.675 -9.54739 7.00189e-05 7.6786e-05
5.7 1.96498 7.00394e-05 0.000108621
5.725 13.9968 7.01075e-05 0.000153445
5.75 23.8755 7.04418e-05 0.000213532
5.775 30.6014 7.2457e-05 0.000289771
5.8 34.7724 8.24054e-05 0.000382831
5.825 37.358 0.000114213 0.000497721
5.85 39.0414 0.000181042 0.000649115
5.875 40.188 0.000286415 0.000865921
5.9 40.9688 0.00042551 0.00119764
5.925 41.4557 0.00058938 0.001722
5.95 41.6763 0.000768472 0.00254974
5.975 41.639 0.000954695 0.00382035
6 41.3456 0.00114222 0.00568522
6.025 38.566 0.00132747 0.00813391
6.05 36.6998 0.00150873 0.0109976
6.075 35.0562 0.00169875 0.0144603
6.1 33.4211 0.00189036 0.018579
6.125 31.7159 0.00208175 0.0233455
6.15 29.9143 0.00227285 0.0287068
6.175 28.0132 0.00246423 0.0345817
6.2 26.0209 0.00265668 0.0408734
6.225 23.9519 0.00285099 0.0474809
6.25 21.8231 0.00304786 0.0543062
6.275 19.6524 0.00324784 0.0612591
6.3 17.4575 0.00345132 0.0682599
6.325 15.2547 0.00365854 0.0752395
6.35 13.0586 0.00386951 0.0821391
6.375 10.8818 0.00408413 0.0889092
6.4 8.73468 0.0043021 0.0955081
6.425 6.62546 0.00452297 0.1019
6.45 4.56014 0.00474616 0.108056
6.475 2.54265 0.00497092 0.113947
6.5 0.574865 0.00519639 0.119551
6.525 -1.34326 0.00542156 0.124845
6.55 -3.21362 0.00564532 0.129807
6.575 -5.03981 0.00586642 0.134414
6.6 -6.82703 0.00608348 0.138644
6.625 -8.58192 0.00629504 0.142469
6.65 -10.3124 0.00649949 0.145863
6.675 -12.0278 0.00669516 0.148796
6.7 -13.7382 0.00688023 0.151234
6.725 -15.4552 0.00705281 0.153141
6.75 -17.1909 0.00721089 0.154477
6.775 -18.9586 0.00735239 0.155202
6.8 -20.7721 0.00747513 0.155271
6.825 -22.6455 0.00757689 0.154643
6.85 -24.5921 0.00765542 0.153275
6.875 -26.6237 0.00770853 0.151135
6.9 -28.7478 0.0077342 0.148203
6.925 -30.9649 0.00773073 0.144487
6.95 -33.2649 0.00769706 0.140028
6.975 -35.6229 0.00763312 0.134919
7 -37.9974 0.00754022 0.129313
7.025 -40.3319 0.00742149 0.123412
7.05 -42.5638 0.00728185 0.117449
7.075 -44.6367 0.00712755 0.111641
7.1 -46.5137 0.00696507 0.106149
7.125 -48.1818 0.00679981 0.101062
7.15 -49.6477 0.00663544 0.0964021
7.175 -50.9298 0.00647388 0.0921511
7.2 -52.0501 0.0063159 0.0882714
7.225 -53.0304 0.00616172 0.08472
7.25 -53.8906 0.00601132 0.0814549
7.275 -54.648 0.00586463 0.0784376
7.3 -55.3172 0.00572156 0.0756345
7.325 -55.9107 0.00558202 0.0730168
7.35 -56.4387 0.00544593 0.0705598
7.375 -56.9099 0.0053132 0.068243
7.4 -57.3316 0.00518374 0.0660489
7.425 -57.7097 0.00505748 0.0639629
7.45 -58.0494 0.00493434 0.0619726
7.475 -58.3549 0.00481424 0.0600673
7.5 -58.6299 0.0046971 0.0582382
7.525 -58.8779 0.00458286 0.0564975
7.55 -59.1017 0.00447144 0.0548422
7.575 -59.304 0.00436277 0.0532646
7.6 -59.487 0.00425678 0.0517581
7.625 -59.6524 0.0041534 0.0503169
7.65 -59.8022 0.00405259 0.0489359
7.675 -59.9376 0.00395425 0.0476105
7.7 -60.06 0.00385835 0.0463367
7.725 -60.1706 0.00376482 0.0451108
7.75 -60.2706 0.00367359 0.0439295
7.775 -60.3607 0.00358462 0.04279
7.8 -60.442 0.00349784 0.0416896
7.825 -60.5152 0.00341321 0.0406258
7.85 -60.581 0.00333067 0.0395965
7.875 -60.6401 0.00325016 0.0385997
7.9 -60.6932 0.00317164 0.0376335
7.925 -60.7408 0.00309506 0.0366963
7.95 -60.7834 0.00302037 0.0357866
7.975 -60.8215 0.00294753 0.0349029
8 -60.8556 0.00287648 0.0340441
8.025 -60.886 0.00280719 0.033209
8.05 -60.9132 0.00273961 0.0323964
8.075 -60.9375 0.00267369 0.0316053
8.1 -60.9593 0.00260941 0.030835
8.125 -60.9788 0.00254671 0.0300844
8.15 -60.9963 0.00248556 0.029353
8.175 -61.0121 0.00242592 0.0286398
8.2 -61.0263 0.00236775 0.0279444
8.225 -61.0393 0.00231102 0.027266
8.25 -61.0512 0.00225569 0.0266041
8.275 -61.0621 0.00220172 0.0259582
8.3 -61.0723 0.00214909 0.0253278
8.325 -61.0819 0.00209776 0.0247123
8.35 -61.091 0.00204769 0.0241115
8.375 -61.0998 0.00199886 0.0235248
8.4 -61.1083 0.00195124 0.0229518
8.425 -61.1166 0.00190479 0.0223923
8.45 -61.1249 0.00185949 0.0218459
8.475 -61.1332 0.00181531 0.0213122
8.5 -61.1416 0.00177222 0.0207909
8.525 -61.1501 0.00173019 0.0202818
8.55 -61.1589 0.0016892 0.0197845
8.575 -61.1679 0.00164922 0.0192988
8.6 -61.1772 0.00161023 0.0188244
8.625 -61.1868 0.0015722 0.018361
8.65 -61.1968 0.00153511 0.0179084
8.675 -61.2072 0.00149894 0.0174664
8.7 -61.218 0.00146366 0.0170346
8.725 -61.2293 0.00142925 0.016613
8.75 -61.241 0.00139569 0.0162013
8.775 -61.2532 0.00136296 0.0157992
8.8 -61.2659 0.00133103 0.0154066
8.825 -61.2791 0.0012999 0.0150233
8.85 -61.2928 0.00126953 0.014649
8.875 -61.307 0.00123992 0.0142835
8.9 -61.3217 0.00121103 0.0139267
8.925 -61.3369 0.00118286 0.0135784
8.95 -61.3527 0.00115538 0.0132383
8.975 -61.3689 0.00112858 0.0129064
9 -61.3857 0.00110245 0.0125824
9.025 -61.403 0.00107696 0.0122662
9.05 -61.4208 0.00105209 0.0119575
9.075 -61.4391 0.00102785 0.0116563
9.1 -61.458 0.0010042 0.0113624
9.125 -61.4773 0.000981131 0.0110755
9.15 -61.4971 0.000958635 0.0107956
9.175 -61.5174 0.000936694 0.0105225
9.2 -61.5382 0.000915296 0.010256
9.225 -61.5594 0.000894425 0.00999596
9.25 -61.5811 0.00087407 0.0097423
9.275 -61.6033 0.000854218 0.00949483
9.3 -61.6259 0.000834855 0.00925343
9.325 -61.649 0.000815971 0.00901794
9.35 -61.6725 0.000797553 0.00878824
9.375 -61.6964 0.000779589 0.00856419
9.4 -61.7207 0.00076207 0.00834567
9.425 -61.7455 0.000744982 0.00813254
9.45 -61.7706 0.000728317 0.00792469
9.475 -61.7962 0.000712063 0.00772198
9.5 -61.8221 0.00069621 0.00752431
9.525 -61.8484 0.000680749 0.00733154
9.55 -61.8751 0.00066567 0.00714358
9.575 -61.9021 0.000650963 0.0069603
9.6 -61.9295 0.000636619 0.00678159
9.625 -61.9572 0.000622629 0.00660736
9.65 -61.9853 0.000608984 0.00643748
9.675 -62.0137 0.000595677 0.00627186
9.7 -62.0424 0.000582698 0.0061104
9.725 -62.0714 0.000570039 0.005953
9.75 -62.1007 0.000557693 0.00579955
9.775 -62.1303 0.000545652 0.00564998
9.8 -62.1602 0.000533908 0.00550418
9.825 -62.1904 0.000522454 0.00536205
9.85 -62.2208 0.000511283 0.00522353
9.875 -62.2515 0.000500388 0.00508851
9.9 -62.2825 0.000489761 0.00495691
9.925 -62.3137 0.000479397 0.00482865
9.95 -62.3451 0.000469289 0.00470365
9.975 -62.3767 0.000459431 0.00458183
10 -62.4086 0.000449816 0.00446311
10.025 -62.4407 0.000440438 0.00434741
10.05 -62.473 0.000431292 0.00423467
10.075 -62.5055 0.000422372 0.0041248
10.1 -62.5382 0.000413672 0.00401774
10.125 -62.571 0.000405186 0.00391342
10.15 -62.604 0.000396911 0.00381177
10.175 -62.6372 0.000388839 0.00371272
10.2 -62.6706 0.000380967 0.00361622
10.225 -62.7041 0.000373289 0.00352219
10.25 -62.7377 0.000365801 0.00343058
10.275 -62.7715 0.000358498 0.00334133
10.3 -62.8054 0.000351374 0.00325437
10.325 -62.8395 0.000344427 0.00316966
10.35 -62.8736 0.000337652 0.00308712
10.375 -62.9079 0.000331043 0.00300672
10.4 -62.9422 0.000324598 0.00292839
10.425 -62.9767 0.000318312 0.00285209
10.45 -63.0112 0.000312181 0.00277776
10.475 -63.0458 0.000306202 0.00270535
10.5 -63.0805 0.00030037 0.00263482
10.525 -63.1152 0.000294682 0.00256611
10.55 -63.15 0.000289135 0.00249919
10.575 -63.1849 0.000283724 0.002434
10.6 -63.2198 0.000278447 0.00237051
10.625 -63.2547 0.000273301 0.00230866
10.65 -63.2896 0.000268281 0.00224842
10.675 -63.3246 0.000263386 0.00218975
10.7 -63.3596 0.000258611 0.00213261
10.725 -63.3946 0.000253954 0.00207695
10.75 -63.4297 0.000249412 0.00202275
10.775 -63.4647 0.000244983 0.00196996
10.8 -63.4997 0.000240662 0.00191854
10.825 -63.5347 0.000236449 0.00186847
10.85 -63.5697 0.000232339 0.0018197
10.875 -63.6046 0.000228331 0.00177221
10.9 -63.6395 0.000224422 0.00172595
10.925 -63.6744 0.000220609 0.00168091
10.95 -63.7093 0.00021689 0.00163704
10.975 -63.7441 0.000213264 0.00159433
11 -63.7788 0.000209726 0.00155273
11.025 -63.8135 0.000206277 0.00151222
11.05 -63.8481 0.000202912 0.00147277
11.075 -63.8827 0.00019963 0.00143435
11.1 -63.9172 0.00019643 0.00139694
11.125 -63.9516 0.000193308 0.00136051
11.15 -63.9859 0.000190264 0.00132504
11.175 -64.0202 0.000187294 0.0012905
11.2 -64.0543 0.000184398 0.00125686
11.225 -64.0884 0.000181574 0.00122411
11.25 -64.1223 0.000178819 0.00119221
11.275 -64.1562 0.000176132 0.00116116
11.3 -64.1899 0.000173512 0.00113092
11.325 -64.2236 0.000170956 0.00110147
11.35 -64.2571 0.000168464 0.0010728
11.375 -64.2905 0.000166032 0.00104488
11.4 -64.3238 0.000163661 0.00101769
11.425 -64.357 0.000161349 0.000991221
11.45 -64.39 0.000159094 0.000965446
11.475 -64.4229 0.000156894 0.000940348
11.5 -64.4557 0.000154748 0.000915911
11.525 -64.4884 0.000152656 0.000892116
11.55 -64.5209 0.000150615 0.000868946
11.575 -64.5532 0.000148625 0.000846386
11.6 -64.5854 0.000146683 0.00082442
11.625 -64.6175 0.00014479 0.000803031
11.65 -64.6494 0.000142944 0.000782205
11.675 -64.6812 0.000141143 0.000761926
11.7 -64.7128 0.000139386 0.000742181
11.725 -64.7442 0.000137673 0.000722956
11.75 -64.7755 0.000136002 0.000704236
11.775 -64.8066 0.000134373 0.000686008
11.8 -64.8376 0.000132783 0.00066826
11.825 -64.8684 0.000131233 0.000650979
11.85 -64.899 0.000129721 0.000634152
11.875 -64.9295 0.000128247 0.000617767
11.9 -64.9598 0.000126809 0.000601813
11.925 -64.9899 0.000125406 0.000586279
11.95 -65.0198 0.000124038 0.000571153
11.975 -65.0496 0.000122704 0.000556425
12 -65.0792 0.000121402 0.000542084
12.025 -65.1086 0.000120133 0.00052812
12.05 -65.1379 0.000118896 0.000514523
12.075 -65.167 0.000117688 0.000501283
12.1 -65.1958 0.000116511 0.00048839
12.125 -65.2245 0.000115363 0.000475837
12.15 -65.2531 0.000114243 0.000463613
12.175 -65.2814 0.00011315 0.00045171
12.2 -65.3096 0.000112085 0.00044012
12.225 -65.3375 0.000111046 0.000428833
12.25 -65.3653 0.000110032 0.000417843
12.275 -65.3929 0.000109044 0.000407141
12.3 -65.4204 0.00010808 0.00039672
12.325 -65.4476 0.00010714 0.000386573
12.35 -65.4746 0.000106223 0.000376691
12.375 -65.5015 0.000105328 0.000367068
12.4 -65.5282 0.000104456 0.000357698
12.425 -65.5547 0.000103605 0.000348573
12.45 -65.581 0.000102776 0.000339687
12.475 -65.6071 0.000101966 0.000331034
12.5 -65.633 0.000101177 0.000322607
12.525 -65.6588 0.000100407 0.000314401
12.55 -65.6843 9.96567e-05 0.000306409
12.575 -65.7097 9.89244e-05 0.000298627
12.6 -65.7349 9.82103e-05 0.000291048
12.625 -65.7598 9.75138e-05 0.000283668
12.65 -65.7847 9.68345e-05 0.00027648
12.675 -65.8093 9.61719e-05 0.00026948
12.7 -65.8337 9.55257e-05 0.000262663
12.725 -65.858 9.48955e-05 0.000256024
12.75 -65.882 9.42808e-05 0.000249558
12.775 -65.9059 9.36813e-05 0.000243261
12.8 -65.9296 9.30966e-05 0.000237128
12.825 -65.9531 9.25264e-05 0.000231156
12.85 -65.9764 9.19702e-05 0.000225339
12.875 -65.9996 9.14277e-05 0.000219673
12.9 -66.0226 9.08987e-05 0.000214156
12.925 -66.0453 9.03827e-05 0.000208782
12.95 -66.0679 8.98795e-05 0.000203548
12.975 -66.0904 8.93886e-05 0.00019845
13 -66.1126 8.89099e-05 0.000193484
13.025 -66.1347 8.8443e-05 0.000188648
13.05 -66.1565 8.79877e-05 0.000183938
13.075 -66.1782 8.75436e-05 0.00017935
13.1 -66.1998 8.71104e-05 0.000174882
13.125 -66.2211 8.66879e-05 0.000170529
13.15 -66.2423 8.62759e-05 0.00016629
13.175 -66.2633 8.58741e-05 0.00016216
13.2 -66.2841 8.54821e-05 0.000158138
13.225 -66.3048 8.50999e-05 0.00015422
13.25 -66.3253 8.47271e-05 0.000150404
13.275 -66.3456 8.43634e-05 0.000146686
13.3 -66.3657 8.40088e-05 0.000143065
13.325 -66.3857 8.36629e-05 0.000139538
13.35 -66.4055 8.33256e-05 0.000136102
13.375 -66.4251 8.29966e-05 0.000132755
13.4 -66.4446 8.26757e-05 0.000129494
13.425 -66.4639 8.23627e-05 0.000126318
13.45 -66.483 8.20575e-05 0.000123224
13.475 -66.502 8.17598e-05 0.00012021
13.5 -66.5208 8.14694e-05 0.000117274
13.525 -66.5394 8.11863e-05 0.000114413
13.55 -66.5579 8.09101e-05 0.000111627
13.575 -66.5762 8.06407e-05 0.000108912
13.6 -66.5944 8.0378e-05 0.000106268
13.625 -66.6124 8.01218e-05 0.000103691
13.65 -66.6303 7.98718e-05 0.000101181
13.675 -66.648 7.96281e-05 9.87358e-05
13.7 -66.6655 7.93904e-05 9.63534e-05
13.725 -66.6829 7.91585e-05 9.40324e-05
13.75 -66.7001 7.89324e-05 9.1771e-05
13.775 -66.7172 7.87119e-05 8.95679e-05
13.8 -66.7341 7.84968e-05 8.74214e-05
13.825 -66.7509 7.8287e-05 8.53301e-05
13.85 -66.7675 7.80824e-05 8.32925e-05
13.875 -66.784 7.78828e-05 8.13073e-05
13.9 -66.8004 7.76882e-05 7.9373e-05
13.925 -66.8166 7.74984e-05 7.74884e-05
13.95 -66.8326 7.73132e-05 7.56521e-05
13.975 -66.8485 7.71327e-05 7.38629e-05
14 -66.8643 7.69566e-05 7.21196e-05
14.025 -66.8799 7.67848e-05 7.04209e-05
14.05 -66.8954 7.66173e-05 6.87658e-05
14.075 -66.9107 7.64539e-05 6.7153e-05
14.1 -66.9259 7.62946e-05 6.55815e-05
14.125 -66.941 7.61392e-05 6.40502e-05
14.15 -66.9559 7.59876e-05 6.2558e-05
14.175 -66.9707 7.58397e-05 6.11041e-05
14.2 -66.9854 7.56956e-05 5.96872e-05
14.225 -66.9999 7.55549e-05 5.83066e-05
14.25 -67.0143 7.54178e-05 5.69612e-05
14.275 -67.0285 7.5284e-05 5.56501e-05
14.3 -67.0427 7.51536e-05 5.43725e-05
14.325 -67.0567 7.50263e-05 5.31275e-05
14.35 -67.0706 7.49022e-05 5.19142e-05
14.375 -67.0843 7.47812e-05 5.07318e-05
14.4 -67.0979 7.46631e-05 4.95796e-05
14.425 -67.1114 7.4548e-05 4.84566e-05
14.45 -67.1248 7.44357e-05 4.73623e-05
14.475 -67.1381 7.43262e-05 4.62958e-05
14.5 -67.1512 7.42194e-05 4.52564e-05
14.525 -67.1642 7.41152e-05 4.42435e-05
14.55 -67.1771 7.40136e-05 4.32563e-05
14.575 -67.1899 7.39145e-05 4.22941e-05
14.6 -67.2026 7.38178e-05 4.13564e-05
14.625 -67.2151 7.37236e-05 4.04425e-05
14.65 -67.2275 7.36316e-05 3.95518e-05
14.675 -67.2398 7.3542e-05 3.86836e-05
14.7 -67.252 7.34545e-05 3.78375e-05
14.725 -67.2641 7.33692e-05 3.70128e-05
14.75 -67.2761 7.32861e-05 3.6209e-05
14.775 -67.288 7.32049e-05 3.54256e-05
14.8 -67.2997 7.31258e-05 3.4662e-05
14.825 -67.3114 7.30486e-05 3.39177e-05
14.85 -67.3229 7.29733e-05 3.31922e-05
14.875 -67.3343 7.28999e-05 3.24851e-05
14.9 -67.3457 7.28283e-05 3.17958e-05
14.925 -67.3569 7.27585e-05 3.11239e-05
14.95 -67.368 7.26904e-05 3.0469e-05
14.975 -67.379 7.2624e-05 2.98307e-05
15 -67.39 7.25592e-05 2.92084e-05
15.025 -67.4008 7.2496e-05 2.86018e-05
15.05 -67.4115 7.24344e-05 2.80106e-05
15.075 -67.4221 7.23743e-05 2.74342e-05
15.1 -67.4326 7.23156e-05 2.68723e-05
15.125 -67.443 7.22585e-05 2.63246e-05
15.15 -67.4534 7.22027e-05 2.57906e-05
15.175 -67.4636 7.21483e-05 2.52701e-05
15.2 -67.4737 7.20953e-05 2.47627e-05
15.225 -67.4838 7.20435e-05 2.42681e-05
15.25 -67.4937 7.19931e-05 2.37858e-05
15.275 -67.5036 7.19439e-05 2.33157e-05
15.3 -67.5134 7.18959e-05 2.28574e-05
15.325 -67.523 7.18491e-05 2.24106e-05
15.35 -67.5326 7.18034e-05 2.1975e-05
15.375 -67.5421 7.17589e-05 2.15503e-05
15.4 -67.5515 7.17155e-05 2.11362e-05
15.425 -67.5609 7.16731e-05 2.07326e-05
15.45 -67.5701 7.16318e-05 2.0339e-05
15.475 -67.5792 7.15915e-05 1.99553e-05
15.5 -67.5883 7.15522e-05 1.95812e-05
15.525 -67.5973 7.15139e-05 1.92164e-05
15.55 -67.6062 7.14765e-05 1.88608e-05
15.575 -67.615 7.14401e-05 1.8514e-05
15.6 -67.6238 7.14045e-05 1.81759e-05
15.625 -67.6324 7.13698e-05 1.78463e-05
15.65 -67.641 7.1336e-05 1.75249e-05
15.675 -67.6495 7.1303e-05 1.72115e-05
15.7 -67.6579 7.12709e-05 1.69059e-05
15.725 -67.6663 7.12395e-05 1.66079e-05
15.75 -67.6746 7.12089e-05 1.63173e-05
15.775 -67.6828 7.1179e-05 1.6034e-05
15.8 -67.6909 7.11499e-05 1.57578e-05
15.825 -67.6989 7.11215e-05 1.54884e-05
15.85 -67.7069 7.10938e-05 1.52257e-05
15.875 -67.7148 7.10668e-05 1.49695e-05
15.9 -67.7226 7.10405e-05 1.47197e-05
15.925 -67.7304 7.10148e-05 1.44762e-05
15.95 -67.7381 7.09897e-05 1.42386e-05
15.975 -67.7457 7.09653e-05 1.4007e-05
16 -67.7533 7.09415e-05 1.37811e-05
16.025 -67.7607 7.09182e-05 1.35608e-05
16.05 -67.7681 7.08956e-05 1.33459e-05
16.075 -67.7755 7.08734e-05 1.31364e-05
16.1 -67.7828 7.08519e-05 1.2932e-05
16.125 -67.79 7.08308e-05 1.27328e-05
16.15 -67.7971 7.08103e-05 1.25384e-05
16.175 -67.8042 7.07903e-05 1.23489e-05
16.2 -67.8112 7.07708e-05 1.2164e-05
16.225 -67.8182 7.07518e-05 1.19837e-05
16.25 -67.8251 7.07332e-05 1.18078e-05
16.275 -67.8319 7.07151e-05 1.16363e-05
16.3 -67.8387 7.06975e-05 1.14691e-05
16.325 -67.8454 7.06802e-05 1.13059e-05
16.35 -67.8521 7.06634e-05 1.11468e-05
16.375 -67.8587 7.06471e-05 1.09915e-05
16.4 -67.8652 7.06311e-05 1.08401e-05
16.425 -67.8717 7.06155e-05 1.06925e-05
16.45 -67.8781 7.06003e-05 1.05484e-05
16.475 -67.8844 7.05855e-05 1.04079e-05
16.5 -67.8907 7.0571e-05 1.02708e-05
16.525 -67.897 7.05569e-05 1.01371e-05
16.55 -67.9032 7.05432e-05 1.00067e-05
16.575 -67.9093 7.05298e-05 9.87952e-06
16.6 -67.9154 7.05167e-05 9.75542e-06
16.625 -67.9214 7.05039e-05 9.63436e-06
16.65 -67.9274 7.04915e-05 9.51626e-06
16.675 -67.9333 7.04794e-05 9.40105e-06
16.7 -67.9392 7.04675e-05 9.28866e-06
16.725 -67.945 7.0456e-05 9.17902e-06
16.75 -67.9508 7.04447e-05 9.07205e-06
16.775 -67.9565 7.04337e-05 8.96769e-06
16.8 -67.9622 7.0423e-05 8.86588e-06
16.825 -67.9678 7.04126e-05 8.76656e-06
16.85 -67.9734 7.04024e-05 8.66965e-06
16.875 -67.9789 7.03925e-05 8.5751e-06
16.9 -67.9844 7.03828e-05 8.48285e-06
16.925 -67.9898 7.03733e-05 8.39284e-06
16.95 -67.9952 7.03641e-05 8.30502e-06
16.975 -68.0006 7.03551e-05 8.21934e-06
17 -68.0058 7.03463e-05 8.13573e-06
17.025 -68.0111 7.03378e-05 8.05416e-06
17.05 -68.0163 7.03295e-05 7.97456e-06
17.075 -68.0215 7.03213e-05 7.89688e-06
17.1 -68.0266 7.03134e-05 7.82109e-06
17.125 -68.0316 7.03057e-05 7.74713e-06
17.15 -68.0367 7.02981e-05 7.67496e-06
17.175 -68.0416 7.02907e-05 7.60453e-06
17.2 -68.0466 7.02836e-05 7.53581e-06
17.225 -68.0515 7.02766e-05 7.46874e-06
17.25 -68.0563 7.02697e-05 7.40328e-06
17.275 -68.0612 7.02631e-05 7.33941e-06
17.3 -68.0659 7.02566e-05 7.27707e-06
17.325 -68.0707 7.02502e-05 7.21623e-06
17.35 -68.0754 7.02441e-05 7.15685e-06
17.375 -68.08 7.0238e-05 7.0989e-06
17.4 -68.0847 7.02322e-05 7.04234e-06
17.425 -68.0892 7.02264e-05 6.98713e-06
17.45 -68.0938 7.02208e-05 6.93325e-06
17.475 -68.0983 7.02154e-05 6.88066e-06
17.5 -68.1028 7.02101e-05 6.82932e-06
17.525 -68.1072 7.02049e-05 6.77922e-06
17.55 -68.1116 7.01998e-05 6.7303e-06
17.575 -68.116 7.01949e-05 6.68256e-06
17.6 -68.1203 7.01901e-05 6.63595e-06
17.625 -68.1246 7.01854e-05 6.59045e-06
17.65 -68.1288 7.01808e-05 6.54604e-06
17.675 -68.1331 7.01763e-05 6.50268e-06
17.7 -68.1372 7.0172e-05 6.46035e-06
17.725 -68.1414 7.01677e-05 6.41903e-06
17.75 -68.1455 7.01636e-05 6.37868e-06
17.775 -68.1496 7.01596e-05 6.33929e-06
17.8 -68.1537 7.01556e-05 6.30084e-06
17.825 -68.1577 7.01518e-05 6.26329e-06
17.85 -68.1617 7.0148e-05 6.22662e-06
17.875 -68.1656 7.01444e-05 6.19083e-06
17.9 -68.1696 7.01408e-05 6.15587e-06
17.925 -68.1735 7.01373e-05 6.12174e-06
17.95 -68.1773 7.01339e-05 6.08841e-06
17.975 -68.1812 7.01306e-05 6.05587e-06
18 -68.185 7.01274e-05 6.02409e-06
18.025 -68.1887 7.01243e-05 5.99305e-06
18.05 -68.1925 7.01212e-05 5.96274e-06
18.075 -68.1962 7.01182e-05 5.93314e-06
18.1 -68.1999 7.01153e-05 5.90423e-06
18.125 -68.2036 7.01124e-05 5.87599e-06
18.15 -68.2072 7.01097e-05 5.84841e-06
18.175 -68.2108 7.0107e-05 5.82148e-06
18.2 -68.2144 7.01043e-05 5.79517e-06
18.225 -68.2179 7.01017e-05 5.76947e-06
18.25 -68.2214 7.00992e-05 5.74436e-06
18.275 -68.2249 7.00968e-05 5.71984e-06
18.3 -68.2284 7.00944e-05 5.69589e-06
18.325 -68.2319 7.00921e-05 5.67248e-06
18.35 -68.2353 7.00898e-05 5.64962e-06
18.375 -68.2387 7.00876e-05 5.62728e-06
18.4 -68.242 7.00854e-05 5.60546e-06
18.425 -68.2454 7.00833e-05 5.58414e-06
18.45 -68.2487 7.00812e-05 5.56331e-06
18.475 -68.252 7.00792e-05 5.54295e-06
18.5 -68.2553 7.00773e-05 5.52306e-06
18.525 -68.2585 7.00754e-05 5.50363e-06
18.55 -68.2617 7.00735e-05 5.48464e-06
18.575 -68.2649 7.00717e-05 5.46608e-06
18.6 -68.2681 7.00699e-05 5.44794e-06
18.625 -68.2712 7.00682e-05 5.43021e-06
18.65 -68.2744 7.00665e-05 5.41289e-06
18.675 -68.2775 7.00649e-05 5.39595e-06
18.7 -68.2806 7.00633e-05 5.3794e-06
18.725 -68.2836 7.00617e-05 5.36322e-06
18.75 -68.2867 7.00602e-05 5.34741e-06
18.775 -68.2897 7.00587e-05 5.33195e-06
18.8 -68.2927 7.00573e-05 5.31684e-06
18.825 -68.2957 7.00558e-05 5.30206e-06
18.85 -68.2986 7.00545e-05 5.28762e-06
18.875 -68.3016 7.00531e-05 5.2735e-06
18.9 -68.3045 7.00518e-05 5.25969e-06
18.925 -68.3074 7.00505e-05 5.24619e-06
18.95 -68.3102 7.00493e-05 5.23298e-06
18.975 -68.3131 7.00481e-05 5.22007e-06
19 -68.3159 7.00469e-05 5.20745e-06
19.025 -68.3187 7.00457e-05 5.1951e-06
19.05 -68.3215 7.00446e-05 5.18302e-06
19.075 -68.3243 7.00435e-05 5.17121e-06
19.1 -68.3271 7.00424e-05 5.15966e-06
19.125 -68.3298 7.00414e-05 5.14836e-06
19.15 -68.3325 7.00403e-05 5.13731e-06
19.175 -68.3353 7.00393e-05 5.12649e-06
19.2 -68.3379 7.00384e-05 5.11591e-06
19.225 -68.3406 7.00374e-05 5.10556e-06
19.25 -68.3433 7.00365e-05 5.09544e-06
19.275 -68.3459 7.00356e-05 5.08553e-06
19.3 -68.3485 7.00347e-05 5.07583e-06
19.325 -68.3511 7.00339e-05 5.06634e-06
19.35 -68.3537 7.0033e-05 5.05706e-06
19.375 -68.3563 7.00322e-05 5.04797e-06
19.4 -68.3588 7.00314e-05 5.03908e-06
19.425 -68.3613 7.00306e-05 5.03037e-06
19.45 -68.3639 7.00299e-05 5.02185e-06
19.475 -68.3664 7.00292e-05 5.01351e-06
19.5 -68.3688 7.00284e-05 5.00534e-06
19.525 -68.3713 7.00277e-05 4.99735e-06
19.55 -68.3738 7.0027e-05 4.98952e-06
19.575 -68.3762 7.00264e-05 4.98185e-06
19.6 -68.3786 7.00257e-05 4.97435e-06
19.625 -68.381 7.00251e-05 4.967e-06
19.65 -68.3834 7.00245e-05 4.9598e-06
19.675 -68.3858 7.00239e-05 4.95275e-06
19.7 -68.3882 7.00233e-05 4.94585e-06
19.725 -68.3905 7.00227e-05 4.93908e-06
19.75 -68.3929 7.00221e-05 4.93246e-06
19.775 -68.3952 7.00216e-05 4.92597e-06
19.8 -68.3975 7.00211e-05 4.91961e-06
19.825 -68.3998 7.00205e-05 4.91338e-06
19.85 -68.4021 7.002e-05 4.90727e-06
19.875 -68.4043 7.00195e-05 4.90129e-06
19.9 -68.4066 7.00191e-05 4.89542e-06
19.925 -68.4088 7.00186e-05 4.88968e-06
19.95 -68.4111 7.00181e-05 4.88405e-06
19.975 -68.4133 7.00177e-05 4.87852e-06
20 -68.4155 7.00172e-05 4.87311e-06
20.025 -68.4177 7.00168e-05 4.8678e-06
20.05 -68.4198 7.00164e-05 4.8626e-06
20.075 -68.422 7.0016e-05 4.8575e-06
20.1 -68.4242 7.00156e-05 4.8525e-06
20.125 -68.4263 7.00152e-05 4.84759e-06
20.15 -68.4284 7.00148e-05 4.84278e-06
20.175 -68.4305 7.00145e-05 4.83806e-06
20.2 -68.4326 7.00141e-05 4.83343e-06
20.225 -68.4347 7.00138e-05 4.82889e-06
20.25 -68.4368 7.00134e-05 4.82443e-06
20.275 -68.4389 7.00131e-05 4.82006e-06
20.3 -68.4409 7.00128e-05 4.81577e-06
20.325 -68.443 7.00125e-05 4.81156e-06
20.35 -68.445 7.00122e-05 4.80743e-06
20.375 -68.4471 7.00119e-05 4.80337e-06
20.4 -68.4491 7.00116e-05 4.79939e-06
20.425 -68.4511 7.00113e-05 4.79548e-06
20.45 -68.4531 7.0011e-05 4.79164e-06
20.475 -68.455 7.00107e-05 4.78788e-06
20.5 -68.457 7.00105e-05 4.78418e-06
20.525 -68.459 7.00102e-05 4.78054e-06
20.55 -68.4609 7.00099e-05 4.77698e-06
20.575 -68.4629 7.00097e-05 4.77347e-06
20.6 -68.4648 7.00095e-05 4.77003e-06
20.625 -68.4667 7.00092e-05 4.76664e-06
20.65 -68.4686 7.0009e-05 4.76332e-06
20.675 -68.4705 7.00088e-05 4.76005e-06
20.7 -68.4724 7.00086e-05 4.75684e-06
20.725 -68.4743 7.00084e-05 4.75369e-06
20.75 -68.4762 7.00081e-05 4.75059e-06
20.775 -68.4781 7.00079e-05 4.74754e-06
20.8 -68.4799 7.00077e-05 4.74454e-06
20.825 -68.4818 7.00076e-05 4.7416e-06
20.85 -68.4836 7.00074e-05 4.7387e-06
20.875 -68.4854 7.00072e-05 4.73585e-06
20.9 -68.4872 7.0007e-05 4.73305e-06
20.925 -68.4891 7.00068e-05 4.73029e-06
20.95 -68.4909 7.00067e-05 4.72758e-06
20.975 -68.4926 7.00065e-05 4.72491e-06
21 -68.4944 7.00063e-05 4.72229e-06
21.025 -68.4962 7.00062e-05 4.71971e-06
21.05 -68.498 7.0006e-05 4.71717e-06
21.075 -68.4997 7.00059e-05 4.71466e-06
21.1 -68.5015 7.00057e-05 4.7122e-06
21.125 -68.5032 7.00056e-05 4.70978e-06
21.15 -68.505 7.00055e-05 4.70739e-06
21.175 -68.5067 7.00053e-05 4.70504e-06
21.2 -68.5084 7.00052e-05 4.70272e-06
21.225 -68.5101 7.00051e-05 4.70045e-06
21.25 -68.5118 7.00049e-05 4.6982e-06
21.275 -68.5135 7.00048e-05 4.69599e-06
21.3 -68.5152 7.00047e-05 4.69381e-06
21.325 -68.5169 7.00046e-05 4.69166e-06
21.35 -68.5186 7.00045e-05 4.68955e-06
21.375 -68.5202 7.00044e-05 4.68746e-06
21.4 -68.5219 7.00043e-05 4.6854e-06
21.425 -68.5236 7.00041e-05 4.68338e-06
21.45 -68.5252 7.0004e-05 4.68138e-06
21.475 -68.5268 7.00039e-05 4.67941e-06
21.5 -68.5285 7.00038e-05 4.67747e-06
21.525 -68.5301 7.00038e-05 4.67555e-06
21.55 -68.5317 7.00037e-05 4.67367e-06
21.575 -68.5333 7.00036e-05 4.6718e-06
21.6 -68.5349 7.00035e-05 4.66996e-06
21.625 -68.5365 7.00034e-05 4.66815e-06
21.65 -68.5381 7.00033e-05 4.66636e-06
21.675 -68.5397 7.00032e-05 4.66459e-06
21.7 -68.5413 7.00032e-05 4.66285e-06
21.725 -68.5429 7.00031e-05 4.66113e-06
21.75 -68.5444 7.0003e-05 4.65943e-06
21.775 -68.546 7.00029e-05 4.65775e-06
21.8 -68.5475 7.00029e-05 4.6561e-06
21.825 -68.5491 7.00028e-05 4.65446e-06
21.85 -68.5506 7.00027e-05 4.65285e-06
21.875 -68.5522 7.00026e-05 4.65125e-06
21.9 -68.5537 7.00026e-05 4.64967e-06
21.925 -68.5552 7.00025e-05 4.64812e-06
21.95 -68.5567 7.00025e-05 4.64658e-06
21.975 -68.5583 7.00024e-05 4.64506e-06
22 -68.5598 7.00023e-05 4.64355e-06
22.025 -68.5613 7.00023e-05 4.64207e-06
22.05 -68.5628 7.00022e-05 4.6406e-06
22.075 -68.5643 7.00022e-05 4.63915e-06
22.1 -68.5657 7.00021e-05 4.63771e-06
22.125 -68.5672 7.00021e-05 4.6363e-06
22.15 -68.5687 7.0002e-05 4.63489e-06
22.175 -68.5702 7.0002e-05 4.6335e-06
22.2 -68.5716 7.00019e-05 4.63213e-06
22.225 -68.5731 7.00019e-05 4.63077e-06
22.25 -68.5745 7.00018e-05 4.62943e-06
22.275 -68.576 7.00018e-05 4.6281e-06
22.3 -68.5774 7.00017e-05 4.62678e-06
22.325 -68.5789 7.00017e-05 4.62548e-06
22.35 -68.5803 7.00016e-05 4.62419e-06
22.375 -68.5817 7.00016e-05 4.62291e-06
22.4 -68.5831 7.00016e-05 4.62165e-06
22.425 -68.5846 7.00015e-05 4.6204e-06
22.45 -68.586 7.00015e-05 4.61916e-06
22.475 -68.5874 7.00015e-05 4.61793e-06
22.5 -68.5888 7.00014e-05 4.61672e-06
22.525 -68.5902 7.00014e-05 4.61551e-06
22.55 -68.5916 7.00013e-05 4.61432e-06
22.575 -68.593 7.00013e-05 4.61314e-06
22.6 -68.5944 7.00013e-05 4.61197e-06
22.625 -68.5957 7.00012e-05 4.61081e-06
22.65 -68.5971 7.00012e-05 4.60966e-06
22.675 -68.5985 7.00012e-05 4.60852e-06
22.7 -68.5999 7.00012e-05 4.60739e-06
22.725 -68.6012 7.00011e-05 4.60628e-06
22.75 -68.6026 7.00011e-05 4.60517e-06
22.775 -68.6039 7.00011e-05 4.60407e-06
22.8 -68.6053 7.0001e-05 4.60297e-06
22.825 -68.6066 7.0001e-05 4.60189e-06
22.85 -68.608 7.0001e-05 4.60082e-06
22.875 -68.6093 7.0001e-05 4.59976e-06
22.9 -68.6106 7.00009e-05 4.5987e-06
22.925 -68.612 7.00009e-05 4.59765e-06
22.95 -68.6133 7.00009e-05 4.59662e-06
22.975 -68.6146 7.00009e-05 4.59558e-06
23 -68.6159 7.00009e-05 4.59456e-06
23.025 -68.6172 7.00008e-05 4.59355e-06
23.05 -68.6186 7.00008e-05 4.59254e-06
23.075 -68.6199 7.00008e-05 4.59154e-06
23.1 -68.6212 7.00008e-05 4.59055e-06
23.125 -68.6225 7.00008e-05 4.58956e-06
23.15 -68.6238 7.00007e-05 4.58858e-06
23.175 -68.625 7.00007e-05 4.58761e-06
23.2 -68.6263 7.00007e-05 4.58665e-06
23.225 -68.6276 7.00007e-05 4.58569e-06
23.25 -68.6289 7.00007e-05 4.58474e-06
23.275 -68.6302 7.00007e-05 4.5838e-06
23.3 -68.6314 7.00006e-05 4.58286e-06
23.325 -68.6327 7.00006e-05 4.58193e-06
23.35 -68.634 7.00006e-05 4.581e-06
23.375 -68.6352 7.00006e-05 4.58008e-06
23.4 -68.6365 7.00006e-05 4.57917e-06
23.425 -68.6378 7.00006e-05 4.57826e-06
23.45 -68.639 7.00005e-05 4.57736e-06
23.475 -68.6403 7.00005e-05 4.57646e-06
23.5 -68.6415 7.00005e-05 4.57557e-06
23.525 -68.6428 7.00005e-05 4.57469e-06
23.55 -68.644 7.00005e-05 4.57381e-06
23.575 -68.6452 7.00005e-05 4.57293e-06
23.6 -68.6465 7.00005e-05 4.57206e-06
23.625 -68.6477 7.00005e-05 4.5712e-06
23.65 -68.6489 7.00004e-05 4.57034e-06
23.675 -68.6501 7.00004e-05 4.56948e-06
23.7 -68.6514 7.00004e-05 4.56863e-06
23.725 -68.6526 7.00004e-05 4.56779e-06
23.75 -68.6538 7.00004e-05 4.56695e-06
23.775 -68.655 7.00004e-05 4.56611e-06
23.8 -68.6562 7.00004e-05 4.56528e-06
23.825 -68.6574 7.00004e-05 4.56445e-06
23.85 -68.6586 7.00004e-05 4.56363e-06
23.875 -68.6598 7.00004e-05 4.56281e-06
23.9 -68.661 7.00003e-05 4.56199e-06
23.925 -68.6622 7.00003e-05 4.56118e-06
23.95 -68.6634 7.00003e-05 4.56038e-06
23.975 -68.6646 7.00003e-05 4.55958e-06
24 -68.6658 7.00003e-05 4.55878e-06
24.025 -68.667 7.00003e-05 4.55798e-06
24.05 -68.6681 7.00003e-05 4.55719e-06
24.075 -68.6693 7.00003e-05 4.55641e-06
24.1 -68.6705 7.00003e-05 4.55562e-06
24.125 -68.6717 7.00003e-05 4.55484e-06
24.15 -68.6728 7.00003e-05 4.55407e-06
24.175 -68.674 7.00003e-05 4.55329e-06
24.2 -68.6752 7.00003e-05 4.55253e-06
24.225 -68.6763 7.00003e-05 4.55176e-06
24.25 -68.6775 7.00002e-05 4.551e-06
24.275 -68.6786 7.00002e-05 4.55024e-06
24.3 -68.6798 7.00002e-05 4.54948e-06
24.325 -68.6809 7.00002e-05 4.54873e-06
24.35 -68.6821 7.00002e-05 4.54798e-06
24.375 -68.6832 7.00002e-05 4.54724e-06
24.4 -68.6844 7.00002e-05 4.54649e-06
24.425 -68.6855 7.00002e-05 4.54575e-06
24.45 -68.6867 7.00002e-05 4.54502e-06
24.475 -68.6878 7.00002e-05 4.54428e-06
24.5 -68.6889 7.00002e-05 4.54355e-06
24.525 -68.6901 7.00002e-05 4.54282e-06
24.55 -68.6912 7.00002e-05 4.5421e-06
24.575 -68.6923 7.00002e-05 4.54138e-06
24.6 -68.6934 7.00002e-05 4.54066e-06
24.625 -68.6946 7.00002e-05 4.53994e-06
24.65 -68.6957 7.00002e-05 4.53923e-06
24.675 -68.6968 7.00002e-05 4.53851e-06
24.7 -68.6979 7.00002e-05 4.5378e-06
24.725 -68.699 7.00002e-05 4.5371e-06
24.75 -68.7001 7.00001e-05 4.53639e-06
24.775 -68.7012 7.00001e-05 4.53569e-06
24.8 -68.7023 7.00001e-05 4.53499e-06
24.825 -68.7034 7.00001e-05 4.5343e-06
24.85 -68.7045 7.00001e-05 4.5336e-06
24.875 -68.7056 7.00001e-05 4.53291e-06
24.9 -68.7067 7.00001e-05 4.53222e-06
24.925 -68.7078 7.00001e-05 4.53153e-06
24.95 -68.7089 7.00001e-05 4.53085e-06
24.975 -68.71 7.00001e-05 4.53016e-06
25 -68.7111 7.00001e-05 4.52948e-06
25.025 -68.7122 7.00001e-05 4.52881e-06
25.05 -68.7133 7.00001e-05 4.52813e-06
25.075 -68.7144 7.00001e-05 4.52745e-06
25.1 -68.7154 7.00001e-05 4.52678e-06
25.125 -68.7165 7.00001e-05 4.52611e-06
25.15 -68.7176 7.00001e-05 4.52544e-06
25.175 -68.7187 7.00001e-05 4.52478e-06
25.2 -68.7198 7.00001e-05 4.52411e-06
25.225 -68.7208 7.00001e-05 4.52345e-06
25.25 -68.7219 7.00001e-05 4.52279e-06
25.275 -68.723 7.00001e-05 4.52213e-06
25.3 -68.724 7.00001e-05 4.52148e-06
25.325 -68.7251 7.00001e-05 4.52082e-06
25.35 -68.7262 7.00001e-05 4.52017e-06
25.375 -68.7272 7.00001e-05 4.51952e-06
25.4 -68.7283 7.00001e-05 4.51887e-06
25.425 -68.7293 7.00001e-05 4.51822e-06
25.45 -68.7304 7.00001e-05 4.51758e-06
25.475 -68.7314 7.00001e-05 4.51694e-06
25.5 -68.7325 7.00001e-05 4.51629e-06
25.525 -68.7335 7.00001e-05 4.51565e-06
25.55 -68.7346 7.00001e-05 4.51502e-06
25.575 -68.7356 7.00001e-05 4.51438e-06
25.6 -68.7367 7.00001e-05 4.51374e-06
25.625 -68.7377 7.00001e-05 4.51311e-06
25.65 -68.7387 7.00001e-05 4.51248e-06
25.675 -68.7398 7.00001e-05 4.51185e-06
25.7 -68.7408 7.00001e-05 4.51122e-06
25.725 -68.7419 7.00001e-05 4.51059e-06
25.75 -68.7429 7.00001e-05 4.50997e-06
25.775 -68.7439 7.00001e-05 4.50934e-06
25.8 -68.745 7.00001e-05 4.50872e-06
25.825 -68.746 7.00001e-05 4.5081e-06
25.85 -68.747 7.00001e-05 4.50748e-06
25.875 -68.748 7e-05 4.50686e-06
25.9 -68.7491 7e-05 4.50625e-06
25.925 -68.7501 7e-05 4.50563e-06
25.95 -68.7511 7e-05 4.50502e-06
25.975 -68.7521 7e-05 4.5044e-06
26 -68.7531 7e-05 4.50379e-06
26.025 -68.7541 7e-05 4.50318e-06
26.05 -68.7552 7e-05 4.50258e-06
26.075 -68.7562 7e-05 4.50197e-06
26.1 -68.7572 7e-05 4.50136e-06
26.125 -68.7582 7e-05 4.50076e-06
26.15 -68.7592 7e-05 4.50016e-06
26.175 -68.7602 7e-05 4.49956e-06
26.2 -68.7612 7e-05 4.49896e-06
26.225 -68.7622 7e-05 4.49836e-06
26.25 -68.7632 7e-05 4.49776e-06
26.275 -68.7642 7e-05 4.49716e-06
26.3 -68.7652 7e-05 4.49657e-06
26.325 -68.7662 7e-05 4.49597e-06
26.35 -68.7672 7e-05 4.49538e-06
26.375 -68.7682 7e-05 4.49479e-06
26.4 -68.7692 7e-05 4.4942e-06
26.425 -68.7702 7e-05 4.49361e-06
26.45 -68.7712 7e-05 4.49302e-06
26.475 -68.7722 7e-05 4.49244e-06
26.5 -68.7731 7e-05 4.49185e-06
26.525 -68.7741 7e-05 4.49127e-06
26.55 -68.7751 7e-05 4.49068e-06
26.575 -68.7761 7e-05 4.4901e-06
26.6 -68.7771 7e-05 4.48952e-06
26.625 -68.7781 7e-05 4.48894e-06
26.65 -68.779 7e-05 4.48836e-06
26.675 -68.78 7e-05 4.48779e-06
26.7 -68.781 7e-05 4.48721e-06
26.725 -68.782 7e-05 4.48663e-06
26.75 -68.7829 7e-05 4.48606e-06
26.775 -68.7839 7e-05 4.48549e-06
26.8 -68.7849 7e-05 4.48491e-06
26.825 -68.7858 7e-05 4.48434e-06
26.85 -68.7868 7e-05 4.48377e-06
26.875 -68.7878 7e-05 4.4832e-06
26.9 -68.7887 7e-05 4.48264e-06
26.925 -68.7897 7e-05 4.48207e-06
26.95 -68.7907 7e-05 4.4815e-06
26.975 -68.7916 7e-05 4.48094e-06
27 -68.7926 7e-05 4.48037e-06
27.025 -68.7936 7e-05 4.47981e-06
27.05 -68.7945 7e-05 4.47925e-06
27.075 -68.7955 7e-05 4.47869e-06
27.1 -68.7964 7e-05 4.47813e-06
27.125 -68.7974 7e-05 4.47757e-06
27.15 -68.7983 7e-05 4.47701e-06
27.175 -68.7993 7e-05 4.47645e-06
27.2 -68.8002 7e-05 4.4759e-06
27.225 -68.8012 7e-05 4.47534e-06
27.25 -68.8021 7e-05 4.47479e-06
27.275 -68.8031 7e-05 4.47423e-06
27.3 -68.804 7e-05 4.47368e-06
27.325 -68.805 7e-05 4.47313e-06
27.35 -68.8059 7e-05 4.47258e-06
27.375 -68.8068 7e-05 4.47203e-06
27.4 -68.8078 7e-05 4.47148e-06
27.425 -68.8087 7e-05 4.47093e-06
27.45 -68.8097 7e-05 4.47038e-06
27.475 -68.8106 7e-05 4.46984e-06
27.5 -68.8115 7e-05 4.46929e-06
27.525 -68.8125 7e-05 4.46875e-06
27.55 -68.8134 7e-05 4.4682e-06
27.575 -68.8143 7e-05 4.46766e-06
27.6 -68.8153 7e-05 4.46712e-06
27.625 -68.8162 7e-05 4.46658e-06
27.65 -68.8171 7e-05 4.46603e-06
27.675 -68.818 7e-05 4.4655e-06
27.7 -68.819 7e-05 4.46496e-06
27.725 -68.8199 7e-05 4.46442e-06
27.75 -68.8208 7e-05 4.46388e-06
27.775 -68.8217 7e-05 4.46334e-06
27.8 -68.8227 7e-05 4.46281e-06
27.825 -68.8236 7e-05 4.46227e-06
27.85 -68.8245 7e-05 4.46174e-06
27.875 -68.8254 7e-05 4.46121e-06
27.9 -68.8263 7e-05 4.46067e-06
27.925 -68.8273 7e-05 4.46014e-06
27.95 -68.8282 7e-05 4.45961e-06
27.975 -68.8291 7e-05 4.45908e-06
28 -68.83 7e-05 4.45855e-06
28.025 -68.8309 7e-05 4.45802e-06
28.05 -68.8318 7e-05 4.45749e-06
28.075 -68.8327 7e-05 4.45697e-06
28.1 -68.8336 7e-05 4.45644e-06
28.125 -68.8346 7e-05 4.45591e-06
28.15 -68.8355 7e-05 4.45539e-06
28.175 -68.8364 7e-05 4.45487e-06
28.2 -68.8373 7e-05 4.45434e-06
28.225 -68.8382 7e-05 4.45382e-06
28.25 -68.8391 7e-05 4.4533e-06
28.275 -68.84 7e-05 4.45278e-06
28.3 -68.8409 7e-05 4.45226e-06
28.325 -68.8418 7e-05 4.45174e-06
28.35 -68.8427 7e-05 4.45122e-06
28.375 -68.8436 7e-05 4.4507e-06
28.4 -68.8445 7e-05 4.45018e-06
28.425 -68.8454 7e-05 4.44966e-06
28.45 -68.8463 7e-05 4.44915e-06
28.475 -68.8472 7e-05 4.44863e-06
28.5 -68.8481 7e-05 4.44812e-06
28.525 -68.8489 7e-05 4.4476e-06
28.55 -68.8498 7e-05 4.44709e-06
28.575 -68.8507 7e-05 4.44657e-06
28.6 -68.8516 7e-05 4.44606e-06
28.625 -68.8525 7e-05 4.44555e-06
28.65 -68.8534 7e-05 4.44504e-06
28.675 -68.8543 7e-05 4.44453e-06
28.7 -68.8552 7e-05 4.44402e-06
28.725 -68.856 7e-05 4.44351e-06
28.75 -68.8569 7e-05 4.443e-06
28.775 -68.8578 7e-05 4.44249e-06
28.8 -68.8587 7e-05 4.44199e-06
28.825 -68.8596 7e-05 4.44148e-06
28.85 -68.8605 7e-05 4.44098e-06
28.875 -68.8613 7e-05 4.44047e-06
28.9 -68.8622 7e-05 4.43997e-06
28.925 -68.8631 7e-05 4.43946e-06
28.95 -68.864 7e-05 4.43896e-06
28.975 -68.8648 7e-05 4.43846e-06
29 -68.8657 7e-05 4.43795e-06
29.025 -68.8666 7e-05 4.43745e-06
29.05 -68.8675 7e-05 4.43695e-06
29.075 -68.8683 7e-05 4.43645e-06
29.1 -68.8692 7e-05 4.43595e-06
29.125 -68.8701 7e-05 4.43545e-06
29.15 -68.8709 7e-05 4.43496e-06
29.175 -68.8718 7e-05 4.43446e-06
29.2 -68.8727 7e-05 4.43396e-06
29.225 -68.8735 7e-05 4.43346e-06
29.25 -68.8744 7e-05 4.43297e-06
29.275 -68.8753 7e-05 4.43247e-06
29.3 -68.8761 7e-05 4.43198e-06
29.325 -68.877 7e-05 4.43148e-06
29.35 -68.8779 7e-05 4.43099e-06
29.375 -68.8787 7e-05 4.4305e-06
29.4 -68.8796 7e-05 4.43001e-06
29.425 -68.8804 7e-05 4.42951e-06
29.45 -68.8813 7e-05 4.42902e-06
29.475 -68.8821 7e-05 4.42853e-06
29.5 -68.883 7e-05 4.42804e-06
29.525 -68.8839 7e-05 4.42755e-06
29.55 -68.8847 7e-05 4.42706e-06
29.575 -68.8856 7e-05 4.42658e-06
29.6 -68.8864 7e-05 4.42609e-06
29.625 -68.8873 7e-05 4.4256e-06
29.65 -68.8881 7e-05 4.42512e-06
29.675 -68.889 7e-05 4.42463e-06
29.7 -68.8898 7e-05 4.42414e-06
29.725 -68.8907 7e-05 4.42366e-06
29.75 -68.8915 7e-05 4.42317e-06
29.775 -68.8924 7e-05 4.42269e-06
29.8 -68.8932 7e-05 4.42221e-06
29.825 -68.8941 7e-05 4.42173e-06
29.85 -68.8949 7e-05 4.42124e-06
29.875 -68.8957 7e-05 4.42076e-06
29.9 -68.8966 7e-05 4.42028e-06
29.925 -68.8974 7e-05 4.4198e-06
29.95 -68.8983 7e-05 4.41932e-06
29.975 -68.8991 7e-05 4.41884e-06
